0.962342  0.251117  0.104105 0.060452 0.953561  -0.298762  -0.0382409 -0.259946
0.270161  -0.840983  -0.468786 -0.230435 -0.280617  -0.835085  -0.473166 -0.240987
-0.0301694  0.479257  -0.877156 0.923303 0.10943  0.461924  -0.880143 0.880672
0 0 0 1 0 0 0 1
0.997586  0.061499  -0.0322373 0.233988 0.984721  -0.165502  -0.0541609 -0.255075
0.0519082  -0.96888  -0.242026 0.250843 -0.171631  -0.974996  -0.141159 0.121882
-0.0461184  0.239769  -0.969734 1.07871 -0.0294445  0.148298  -0.988504 1.01267
0 0 0 1 0 0 0 1
0.97683  0.159551  0.142644 0.0364661 0.926582  -0.375906  0.0118912 -0.420939
0.210228  -0.840217  -0.49984 -0.00517615 -0.334124  -0.837284  -0.4328 -0.134672
0.0401019  0.518246  -0.854291 0.978771 0.172648  0.397051  -0.901412 1.02434
0 0 0 1 0 0 0 1
0.967518  0.247216  0.0528457 0.189259 0.900995  -0.408037  -0.147358 -0.235624
0.226639  -0.755622  -0.614548 0.10574 -0.424142  -0.757119  -0.496864 -0.103287
-0.111995  0.606564  -0.787107 0.978295 0.0911717  0.510173  -0.855226 0.985333
0 0 0 1 0 0 0 1
0.951022  -0.308822  0.0136642 0.290992 0.927803  0.316269  -0.197878 -0.129573
-0.259025  -0.77199  0.580463 -0.160395 0.373037  -0.779376  0.503404 -0.0339812
-0.168711  -0.555573  -0.814172 1.01728 0.00498949  -0.540876  -0.841088 0.942388
0 0 0 1 0 0 0 1
0.974018  0.222414  -0.042673 0.238334 0.988294  -0.128363  -0.0824434 -0.145409
0.201463  -0.937012  -0.285344 -0.245316 -0.14775  -0.939957  -0.307653 -0.192998
-0.10345  0.269334  -0.957475 1.00121 -0.0380018  0.316233  -0.94792 0.903895
0 0 0 1 0 0 0 1
0.94145  -0.332652  0.054909 0.0763134 0.906562  0.369121  -0.204683 -0.239981
-0.287707  -0.707747  0.645228 -0.129845 0.416589  -0.704613  0.574433 0.0048073
-0.175775  -0.623247  -0.762015 0.983241 0.0678131  -0.606028  -0.792547 0.800208
0 0 0 1 0 0 0 1
0.863695  -0.380206  0.330868 0.0434113 0.831311  0.52874  -0.171335 -0.294374
-0.47839  -0.411756  0.775629 -0.114912 0.427256  -0.410755  0.805439 -0.170208
-0.158662  -0.828191  -0.537519 0.863996 0.355491  -0.742775  -0.567373 0.946477
0 0 0 1 0 0 0 1
0.945571  -0.304673  -0.114325 0.249061 0.897156  0.333553  -0.289575 -0.119829
-0.172953  -0.768111  0.616516 -0.189876 0.435608  -0.776739  0.454888 0.0906565
-0.27565  -0.563187  -0.778998 1.02602 -0.0731945  -0.534246  -0.842154 0.774778
0 0 0 1 0 0 0 1
0.881098  -0.419381  0.218599 0.112641 0.841147  0.471702  -0.264518 -0.148427
-0.410449  -0.448479  0.793977 -0.0652346 0.486814  -0.447377  0.750244 0.0134273
-0.234942  -0.789295  -0.567288 0.843438 0.235552  -0.759836  -0.605941 0.853102
0 0 0 1 0 0 0 1
0.972131  -0.217374  0.0878019 0.036476 0.916901  0.389037  -0.0891277 -0.375813
-0.228358  -0.793279  0.564412 -0.18068 0.380457  -0.784483  0.489733 -0.0218338
-0.0530368  -0.568733  -0.820811 1.0183 0.120605  -0.482946  -0.867305 0.926564
0 0 0 1 0 0 0 1
0.833929  0.46961  0.289878 0.188951 0.9541  -0.299295  -0.0107391 -0.14949
0.54649  -0.629522  -0.552315 -0.189798 -0.205764  -0.629043  -0.749644 0.173873
-0.0768877  0.619007  -0.781613 0.827081 0.217609  0.717445  -0.661754 0.931308
0 0 0 1 0 0 0 1
0.969866  -0.219038  0.106692 0.0829431 0.897652  0.429819  -0.0973486 -0.333186
-0.23694  -0.74595  0.622429 -0.0864605 0.415115  -0.750468  0.514274 0.102046
-0.0567489  -0.628952  -0.77537 0.970494 0.147988  -0.50205  -0.852083 0.971848
0 0 0 1 0 0 0 1
0.960119  0.262911  0.0951282 0.138802 0.942406  -0.329394  -0.058052 -0.261856
0.272272  -0.801858  -0.531875 -0.00116612 -0.312372  -0.804745  -0.504786 -0.0401835
-0.0635564  0.536564  -0.841463 0.970624 0.119556  0.493848  -0.86129 0.970059
0 0 0 1 0 0 0 1
0.892287  -0.441141  0.0960116 0.121317 0.946377  0.277503  -0.165414 -0.0953421
-0.40704  -0.69408  0.593778 0.153693 0.316171  -0.690378  0.650703 0.0570147
-0.1953  -0.568901  -0.79888 0.887256 0.0663736  -0.66811  -0.741096 0.72509
0 0 0 1 0 0 0 1
0.975583  0.157952  -0.152605 0.355623 0.954507  -0.229111  -0.190852 -0.120719
0.0916208  -0.924169  -0.370833 0.254261 -0.276958  -0.918358  -0.282688 0.0715839
-0.199607  0.347797  -0.916075 1.08834 -0.110504  0.322685  -0.940034 0.943062
0 0 0 1 0 0 0 1
0.959422  0.281562  0.0152497 0.178079 0.930965  -0.331485  -0.15304 -0.147213
0.241825  -0.793795  -0.558041 -0.0926488 -0.363001  -0.795394  -0.485365 -0.220562
-0.145018  0.539085  -0.829673 0.933642 0.0391646  0.507412  -0.860813 0.86774
0 0 0 1 0 0 0 1
0.959121  -0.274377  -0.0693052 0.244768 0.969295  0.1884  -0.158028 -0.0880523
-0.222752  -0.883009  0.41313 0.169336 0.236921  -0.887601  0.39501 0.183839
-0.174551  -0.380804  -0.908031 0.977682 -0.0658458  -0.420322  -0.904983 0.823846
0 0 0 1 0 0 0 1
0.960662  -0.228528  0.157805 0.0508693 0.939978  0.340402  0.023842 -0.360223
-0.277107  -0.826459  0.490079 0.0748277 0.284122  -0.819435  0.497797 0.083164
0.018422  -0.514529  -0.857275 0.957569 0.188988  -0.461144  -0.866966 0.987477
0 0 0 1 0 0 0 1
0.953017  0.281872  0.110936 0.00408475 0.864882  -0.471079  -0.17339 -0.313896
0.274781  -0.650299  -0.708242 0.0540771 -0.474369  -0.654039  -0.589243 -0.155315
-0.127492  0.70545  -0.697199 0.927789 0.164176  0.591877  -0.789131 0.84659
0 0 0 1 0 0 0 1
0.919529  0.379311  0.102909 0.229538 0.898577  -0.384982  -0.210588 -0.046711
0.340724  -0.638848  -0.689769 -0.0906766 -0.424659  -0.641996  -0.638361 -0.182621
-0.195893  0.669326  -0.716679 0.847988 0.110561  0.663045  -0.74037 0.871691
0 0 0 1 0 0 0 1
0.835878  0.430971  0.339959 0.19762 0.910196  -0.412228  -0.0401355 -0.162821
0.541357  -0.544816  -0.640397 -0.0560597 -0.280028  -0.541094  -0.792971 0.217294
-0.0907777  0.719333  -0.688709 0.812368 0.305168  0.732998  -0.607937 1.00387
0 0 0 1 0 0 0 1
0.917408  -0.386046  0.0965985 0.188808 0.989558  0.143368  -0.0148775 -0.194572
-0.391623  -0.832716  0.391427 0.193697 0.128672  -0.832148  0.539419 -0.0846258
-0.0706696  -0.396928  -0.915125 0.956264 0.0649552  -0.535701  -0.841906 0.913978
0 0 0 1 0 0 0 1
0.99837  -0.051159  0.0253095 0.209546 0.99962  -0.0258285  -0.00962986 -0.264232
-0.0515041  -0.998586  0.0131773 0.188321 -0.0252058  -0.997882  0.0599757 0.106783
0.0245996  -0.0144593  -0.999593 1.04502 -0.0111585  -0.0597102  -0.998153 1.01563
0 0 0 1 0 0 0 1
0.998519  -0.0543864  0.0015188 0.29467 0.999669  -0.0221721  0.0130157 -0.221925
-0.0543805  -0.998514  -0.0036571 0.189492 -0.0228364  -0.998316  0.053328 0.105533
0.00171544  0.00356909  -0.999992 1.05105 0.0118114  -0.0536076  -0.998492 1.08851
0 0 0 1 0 0 0 1
0.998219  -0.0585368  -0.0115418 0.0841075 0.999537  -0.0270161  -0.013981 -0.327002
-0.0586491  -0.998232  -0.00964257 0.189537 -0.0261651  -0.997983  0.0578341 0.105425
-0.010957  0.0103023  -0.999887 1.0553 -0.0155153  -0.0574416  -0.998228 0.904614
0 0 0 1 0 0 0 1
0.998668  -0.0509396  0.00822798 0.252956 0.999445  -0.0227085  0.0243635 -0.243225
-0.0507973  -0.99857  -0.0166601 0.232131 -0.0237664  -0.998747  0.0440496 0.148216
0.00906487  0.0162199  -0.999827 1.05559 0.0233326  -0.0446042  -0.998732 1.05435
0 0 0 1 0 0 0 1
0.998639  0.052074  -0.00288387 0.274074 0.999586  0.0253676  0.0135864 -0.233529
0.0520856  -0.998634  0.0040962 -0.08369 0.0259152  -0.998791  -0.0417732 -0.000995041
-0.00266662  -0.00424083  -0.999987 1.05291 0.0125103  0.042108  -0.999035 1.0757
0 0 0 1 0 0 0 1
0.99856  -0.0536361  0.00134296 0.167871 0.999702  -0.023961  0.00474883 -0.285351
-0.0536472  -0.998505  0.0104607 0.14771 -0.0241748  -0.998368  0.0517387 0.0640922
0.00077988  -0.0105177  -0.999944 1.0496 0.00350137  -0.0518381  -0.998649 0.978981
0 0 0 1 0 0 0 1
0.998566  -0.0526779  -0.00952036 0.0844113 0.999696  -0.0245695  -0.0021057 -0.327928
-0.0528708  -0.998374  -0.021306 0.104549 -0.0244235  -0.998297  0.0529797 0.0222858
-0.00838253  0.0217788  -0.999728 1.05229 -0.0034038  -0.0529122  -0.998593 0.909582
0 0 0 1 0 0 0 1
0.99851  0.0520419  -0.01643 0.105304 0.999577  0.0285749  0.00538505 -0.317928
0.0521786  -0.998606  0.00800635 0.0842335 0.0287693  -0.998771  -0.0403587 0.166955
-0.0159904  -0.00885171  -0.999833 1.05511 0.00422518  0.0404965  -0.999171 0.926716
0 0 0 1 0 0 0 1
0.997997  0.0501424  -0.0385721 0.147107 0.999636  0.0267275  -0.00370326 -0.297313
0.0495318  -0.998634  -0.0166267 0.126221 0.0265226  -0.998528  -0.0473142 0.209395
-0.0393531  0.0146829  -0.999117 1.05655 -0.0049624  0.0471988  -0.998873 0.966171
0 0 0 1 0 0 0 1
0.998453  0.0554918  0.0036121 0.188076 0.999486  0.030263  0.0105329 -0.274956
0.0555604  -0.998191  -0.0229791 -0.000487822 0.0307477  -0.998307  -0.0493771 0.0827583
0.00233041  0.0231443  -0.999729 1.05135 0.00902076  0.0496756  -0.998725 0.999049
0 0 0 1 0 0 0 1
0.998418  -0.0558368  -0.00659285 0.209308 0.999624  -0.0235744  -0.0140289 -0.266381
-0.055642  -0.998092  0.0267478 0.105329 -0.0226845  -0.997909  0.0605268 0.0221091
-0.00807378  -0.0263387  -0.99962 1.04862 -0.0154264  -0.0601858  -0.998068 1.02022
0 0 0 1 0 0 0 1
0.998764  0.0496828  0.0015666 0.188988 0.999662  0.0259187  0.00208988 -0.275946
0.0496733  -0.99875  0.00560865 0.16833 0.0259953  -0.998072  -0.0563647 0.251039
0.0018433  -0.0055239  -0.999983 1.04985 0.000624946  0.0564  -0.998408 1.00176
0 0 0 1 0 0 0 1
0.998587  0.0531173  -0.00166136 0.189298 0.999665  0.0247056  0.0077004 -0.275733
0.0531396  -0.998397  0.0194709 0.0853206 0.0249646  -0.999055  -0.03558 0.167005
-0.00062445  -0.0195317  -0.999809 1.05252 0.00681409  0.0357604  -0.999337 0.999592
0 0 0 1 0 0 0 1
0.998746  0.0500505  0.00111896 0.274815 0.99962  0.0268459  -0.00626943 -0.23442
0.0500008  -0.99837  0.0275152 -0.210792 0.0266523  -0.99922  -0.0291521 -0.127394
0.00249428  -0.0274247  -0.999621 1.05597 -0.00704715  0.028974  -0.999555 1.07672
0 0 0 1 0 0 0 1
0.998701  -0.050892  0.00256951 0.0837302 0.999529  -0.0294873  0.0084495 -0.328477
-0.0508997  -0.998699  0.00301773 -0.063007 -0.0298621  -0.998385  0.0483318 -0.145771
0.00241259  -0.0031446  -0.999992 1.05195 0.00701068  -0.0485614  -0.998796 0.910314
0 0 0 1 0 0 0 1
0.99857  -0.051628  -0.013846 0.12574 0.999523  -0.0305284  0.00476667 -0.306956
-0.0516342  -0.998666  -8.95529e-05 -0.0207432 -0.0306359  -0.999232  0.0244131 -0.10463
-0.0138229  0.000804352  -0.999904 1.0476 0.00401772  -0.0245475  -0.999691 0.945961
0 0 0 1 0 0 0 1
0.99713  0.0535434  -0.0535162 0.062038 0.999597  0.0277235  -0.00605114 -0.33812
0.0534062  -0.998565  -0.00399015 0.0425587 0.0274646  -0.998849  -0.039334 0.123771
-0.053653  0.00112061  -0.998559 1.05461 -0.00713465  0.039152  -0.999208 0.888429
0 0 0 1 0 0 0 1
0.998716  0.0506554  -0.000238531 0.147611 0.999372  0.0293748  0.0198142 -0.295771
0.0506295  -0.998336  -0.0276196 0.0411326 0.0302311  -0.998556  -0.0444016 0.123976
-0.00163721  0.027572  -0.999618 1.05154 0.0184813  0.0449728  -0.998817 0.962912
0 0 0 1 0 0 0 1
0.998515  0.05325  0.0115126 0.147389 0.999644  0.0261418  0.00541788 -0.297018
0.0533085  -0.998566  -0.00483448 -0.0412226 0.0263902  -0.998277  -0.0524165 0.0408506
0.0112387  0.00544102  -0.999922 1.05119 0.00403828  0.0525408  -0.998611 0.964807
0 0 0 1 0 0 0 1
0.998557  -0.0531286  -0.0078211 0.126348 0.999274  -0.0263485  0.0275179 -0.308025
-0.0531098  -0.998585  0.00259563 -0.105237 -0.0278086  -0.998148  0.0540986 -0.188464
-0.00794794  -0.00217651  -0.999966 1.05282 0.0260415  -0.0548246  -0.998156 0.950099
0 0 0 1 0 0 0 1
0.998677  0.0513361  -0.00303899 0.105576 0.999641  0.0254438  0.00836639 -0.316428
0.0513917  -0.998424  0.0225374 0.000750759 0.0258108  -0.998554  -0.0471551 0.0826887
-0.00187723  -0.0226637  -0.999741 1.05404 0.00715449  0.0473542  -0.998853 0.926599
0 0 0 1 0 0 0 1
0.99828  0.052003  0.027072 0.0632864 0.999593  0.0284484  0.00195821 -0.338631
0.051516  -0.998503  0.018384 -0.0415227 0.0285028  -0.998847  -0.0386274 0.0412561
0.0279875  -0.0169577  -0.999464 1.04807 0.000857068  0.0386675  -0.999252 0.889792
0 0 0 1 0 0 0 1
0.998667  0.0515354  -0.00274495 0.232616 0.999457  0.029901  -0.0138334 -0.253035
0.0515593  -0.998625  0.00951822 -0.125763 0.0290291  -0.99781  -0.0594322 -0.0419849
-0.00225064  -0.00964706  -0.999951 1.05783 -0.0155802  0.0589984  -0.998136 1.0307
0 0 0 1 0 0 0 1
0.99872  0.0503981  -0.00429513 0.189177 0.999438  0.0291432  -0.0165706 -0.27578
0.0504953  -0.998366  0.0267597 -0.0831694 0.0281828  -0.998061  -0.055505 -0.00100752
-0.00293947  -0.0269424  -0.999633 1.05002 -0.018156  0.0550068  -0.998321 0.99975
0 0 0 1 0 0 0 1
0.998503  -0.0525535  0.0151428 0.0846039 0.999726  -0.0225689  -0.00619386 -0.328279
-0.0527242  -0.998547  0.0111056 0.0209797 -0.0221217  -0.997662  0.0646587 -0.061679
0.0145371  -0.0118873  -0.999824 1.04648 -0.00763866  -0.064504  -0.997888 0.909035
0 0 0 1 0 0 0 1
0.99859  0.0530432  0.00191762 0.104112 0.999561  0.0265626  0.0131129 -0.317858
0.0530778  -0.997984  -0.0347829 -0.0843187 0.0271731  -0.998438  -0.0488187 -0.000662203
6.87609e-05  0.0348357  -0.999393 1.04824 0.0117957  0.0491536  -0.998722 0.926719
0 0 0 1 0 0 0 1
0.998484  -0.0533325  -0.0136032 0.336339 0.99949  -0.0300575  0.0107978 -0.201078
-0.0532543  -0.998563  0.00604833 -0.0213232 -0.0302897  -0.999298  0.0220278 -0.103304
-0.0139062  -0.00531473  -0.999889 1.05228 0.0101282  -0.0223436  -0.999699 1.12798
0 0 0 1 0 0 0 1
0.998192  0.0555894  -0.0228721 0.0633581 0.99973  0.0229328  -0.00383036 -0.339176
0.0561101  -0.998164  0.0227932 -0.21141 0.0226101  -0.99731  -0.0697283 -0.127064
-0.0215631  -0.0240354  -0.999479 1.05284 -0.00541912  0.0696228  -0.997559 0.891918
0 0 0 1 0 0 0 1
0.998634  0.0510999  0.010887 0.231479 0.99959  0.025842  -0.0122982 -0.25374
0.0510693  -0.99869  0.00307033 0.0422712 0.0252412  -0.998589  -0.0467288 0.124562
0.0110296  -0.00251015  -0.999936 1.05047 -0.0134884  0.0463992  -0.998832 1.03279
0 0 0 1 0 0 0 1
0.998511  0.052971  -0.0130511 0.0630693 0.999683  0.024897  0.00374704 -0.337991
0.0529638  -0.998596  -0.00090032 -0.126083 0.0250559  -0.998383  -0.051022 -0.0432571
-0.0130804  0.000207745  -0.999914 1.05266 0.00247068  0.0510998  -0.99869 0.89018
0 0 0 1 0 0 0 1
0.99841  -0.0553103  -0.0108915 0.335389 0.99953  -0.0303307  0.00449886 -0.201752
-0.0552333  -0.998447  0.00725474 0.105559 -0.0304862  -0.998739  0.0398934 0.0215555
-0.0112758  -0.00664163  -0.999914 1.05026 0.0032832  -0.0400118  -0.999194 1.12714
0 0 0 1 0 0 0 1
0.99867  0.0482374  -0.0182052 0.147509 0.999577  0.0276844  0.00896122 -0.297146
0.0488927  -0.998101  0.0374569 -0.12588 0.0280807  -0.998471  -0.0476204 -0.0432107
-0.0163638  -0.0382972  -0.999132 1.05379 0.00762917  0.0478519  -0.998825 0.966564
0 0 0 1 0 0 0 1
0.998425  0.0534271  0.0171094 0.231728 0.99963  0.026434  -0.00639008 -0.254474
0.0537041  -0.998426  -0.0161591 -0.0422081 0.0261659  -0.9989  -0.0389233 0.040596
0.0162191  0.0170525  -0.999723 1.04939 -0.00741195  0.0387417  -0.999222 1.0378
0 0 0 1 0 0 0 1
0.998546  -0.0517433  -0.0151096 0.168594 0.99963  -0.0271487  -0.00179784 -0.286255
-0.0518795  -0.998615  -0.00876976 0.0628143 -0.0270281  -0.998434  0.0489824 -0.0196825
-0.0146349  0.00954088  -0.999847 1.05402 -0.00312483  -0.0489157  -0.998798 0.983564
0 0 0 1 0 0 0 1
0.998569  0.0534811  -0.00051061 0.315984 0.999193  0.0252459  -0.0312499 -0.21156
0.0534597  -0.998364  -0.020294 -0.126597 0.0231283  -0.997527  -0.0663655 -0.0434355
-0.00159512  0.0202377  -0.999794 1.05218 -0.032848  0.0655892  -0.997306 1.10329
0 0 0 1 0 0 0 1
0.998377  -0.0525061  -0.0220547 0.252499 0.999621  -0.0274894  0.00132219 -0.244485
-0.0526209  -0.998604  -0.0046546 0.0212447 -0.0275168  -0.999165  0.0302175 -0.0622988
-0.0217795  0.00580758  -0.999746 1.05633 0.000490426  -0.0302425  -0.999542 1.05696
0 0 0 1 0 0 0 1
0.998709  0.0498127  -0.00992139 0.31617 0.999634  0.026196  0.00671909 -0.211328
0.0498403  -0.998754  0.00255351 -0.0421324 0.0265518  -0.997853  -0.0598648 0.0400649
-0.00978183  -0.00304469  -0.999948 1.05184 0.00513644  0.0600213  -0.998184 1.10728
0 0 0 1 0 0 0 1
0.99878  0.049241  -0.00372206 0.230423 0.999547  0.0300882  -0.000531106 -0.253049
0.0492493  -0.998784  0.002174 0.12564 0.0300634  -0.999192  -0.0266861 0.208726
-0.00361048  -0.00235466  -0.999991 1.04781 -0.00133362  0.0266581  -0.999644 1.03465
0 0 0 1 0 0 0 1
0.998586  0.0523774  0.00904054 0.104792 0.999604  0.027802  0.00423746 -0.317768
0.0525595  -0.998392  -0.0212381 -0.253015 0.0279884  -0.998187  -0.0532914 -0.169276
0.0079136  0.0216833  -0.999734 1.04797 0.00274817  0.0533889  -0.99857 0.927202
0 0 0 1 0 0 0 1
0.99849  -0.053983  -0.0102111 0.29599 0.999689  -0.0249246  0.00107261 -0.222901
-0.0538842  -0.9985  0.00971719 -0.0627869 -0.0249474  -0.998547  0.0477622 -0.145601
-0.0107203  -0.0091523  -0.999901 1.05653 -0.000119401  -0.0477741  -0.998858 1.08763
0 0 0 1 0 0 0 1
0.998229  0.057903  0.0136569 0.272849 0.999638  0.0264193  0.00506473 -0.234034
0.0581535  -0.998132  -0.0187251 -0.00105645 0.0266471  -0.998293  -0.051967 0.0832741
0.0125471  0.0194862  -0.999731 1.04945 0.00368316  0.0520832  -0.998636 1.07564
0 0 0 1 0 0 0 1
0.998662  -0.0492462  0.0157807 0.294608 0.99955  -0.0296827  0.00426428 -0.222996
-0.0489955  -0.998672  -0.0158989 0.0633103 -0.0298784  -0.997909  0.05731 -0.019634
0.0165427  0.0151044  -0.999749 1.05041 0.00255425  -0.0574116  -0.998347 1.0918
0 0 0 1 0 0 0 1
0.998635  -0.0500716  0.0148823 0.127468 0.999596  -0.0284102  -0.000671183 -0.306363
-0.0498276  -0.998624  -0.0163417 0.232284 -0.0283555  -0.998681  0.0428084 0.14779
0.0156801  0.0155778  -0.999756 1.05553 -0.0018865  -0.0427721  -0.999083 0.94338
0 0 0 1 0 0 0 1
0.961141  0.232625  0.148636 -0.0160868 0.938493  -0.3451  -0.011684 -0.336406
0.276056  -0.810836  -0.51608 -0.225577 -0.305076  -0.81285  -0.496189 -0.254859
0.000466294  0.537058  -0.843545 0.898376 0.161738  0.469235  -0.868136 0.883152
0 0 0 1 0 0 0 1
0.942296  0.334692  -0.00771721 0.255204 0.852987  -0.422815  -0.306007 -0.0959156
0.224874  -0.649854  -0.726031 0.0845284 -0.52066  -0.648423  -0.555392 -0.222308
-0.248012  0.682401  -0.687619 0.933792 0.0364059  0.633069  -0.773239 0.858237
0 0 0 1 0 0 0 1
0.970497  -0.162387  0.178232 0.0189335 0.961722  0.256887  0.0953897 -0.431186
-0.217468  -0.908765  0.356167 0.224516 0.206224  -0.907728  0.365379 0.213973
0.104134  -0.384418  -0.917267 0.964276 0.180449  -0.331721  -0.925959 1.02916
0 0 0 1 0 0 0 1
0.986545  0.136179  0.0904703 0.169741 0.954235  -0.299057  0.00105743 -0.319344
0.161437  -0.898862  -0.407414 0.0377015 -0.278562  -0.890114  -0.360693 -0.0882191
0.0258391  0.416537  -0.908752 1.00577 0.108809  0.343892  -0.932684 1.07181
0 0 0 1 0 0 0 1
0.882071  0.403138  0.243782 0.135606 0.94524  -0.324328  -0.0365 -0.206232
0.466851  -0.67849  -0.567188 -0.134109 -0.258132  -0.674468  -0.691708 0.0866699
-0.0632517  0.61411  -0.786682 0.874182 0.199722  0.663252  -0.721254 0.933769
0 0 0 1 0 0 0 1
0.903571  0.428425  0.00348645 0.265732 0.97381  -0.156795  -0.164652 -0.0338297
0.378622  -0.794673  -0.474489 -0.191776 -0.223291  -0.79599  -0.56262 -0.028011
-0.200512  0.430055  -0.880254 0.940118 -0.042845  0.58465  -0.810153 0.77887
0 0 0 1 0 0 0 1
0.898575  0.433439  0.0685071 0.216873 0.97056  -0.207322  -0.122597 -0.065283
0.405897  -0.761638  -0.505129 -0.220864 -0.238671  -0.759396  -0.605272 -0.0362262
-0.166765  0.481703  -0.86032 0.904654 0.0323869  0.616713  -0.786522 0.805281
0 0 0 1 0 0 0 1
0.901505  0.402397  0.159265 0.259216 0.963188  -0.264211  -0.0496139 -0.0988771
0.423521  -0.744653  -0.515869 -0.204784 -0.236486  -0.744986  -0.623755 -0.00798994
-0.0889872  0.532511  -0.841732 0.871393 0.127841  0.612526  -0.780044 0.978574
0 0 0 1 0 0 0 1
0.920526  -0.364546  0.140492 0.156005 0.903045  0.400459  -0.155378 -0.208981
-0.357515  -0.641029  0.679165 -0.112777 0.398344  -0.64539  0.651762 -0.0692975
-0.157527  -0.675417  -0.720414 0.952509 0.160725  -0.650464  -0.742337 0.932026
0 0 0 1 0 0 0 1
0.878078  -0.459798  0.132534 0.234907 0.916526  0.335514  -0.21774 -0.058931
-0.41577  -0.595979  0.686982 -0.0297924 0.386257  -0.60109  0.69964 -0.0591237
-0.236885  -0.658327  -0.714486 0.903347 0.103858  -0.725342  -0.680509 0.850379
0 0 0 1 0 0 0 1
0.981481  -0.14162  0.128991 0.0483808 0.923462  0.383689  -0.000579221 -0.417559
-0.188394  -0.835528  0.51614 -0.0638681 0.347813  -0.836475  0.423479 0.101242
0.0346797  -0.530883  -0.846735 0.993495 0.162  -0.391269  -0.905906 1.01919
0 0 0 1 0 0 0 1
0.925018  0.348622  0.151009 0.114532 0.950289  -0.305227  -0.0615448 -0.183486
0.372725  -0.755727  -0.538472 -0.216238 -0.280037  -0.751387  -0.597492 -0.119226
-0.0736012  0.554381  -0.829002 0.87757 0.136127  0.585025  -0.799509 0.880993
0 0 0 1 0 0 0 1
0.914785  -0.346629  0.207405 0.0720926 0.950115  0.31189  -0.00259811 -0.304475
-0.403135  -0.751012  0.522936 0.10204 0.250435  -0.757885  0.602406 -0.0631315
-0.0255012  -0.561986  -0.826753 0.924623 0.185915  -0.573005  -0.798186 0.952287
0 0 0 1 0 0 0 1
0.890464  -0.321705  0.321839 -0.000984741 0.886442  0.462836  0.00191028 -0.410981
-0.455016  -0.620299  0.638897 0.00341925 0.321029  -0.617809  0.717811 -0.133912
-0.00590011  -0.715356  -0.698735 0.896882 0.333409  -0.635684  -0.696236 1.00163
0 0 0 1 0 0 0 1
0.867347  -0.445927  0.22104 0.0841382 0.914212  0.377796  -0.146586 -0.151599
-0.464301  -0.564999  0.682057 0.0789409 0.354004  -0.568498  0.742624 -0.041252
-0.17926  -0.694208  -0.697094 0.846269 0.197227  -0.730808  -0.653469 0.804082
0 0 0 1 0 0 0 1
0.851195  -0.496842  0.169161 0.174972 0.957122  0.260559  -0.126596 -0.0843549
-0.490233  -0.637514  0.594346 0.125119 0.268789  -0.635823  0.723521 -0.109012
-0.187453  -0.588833  -0.786217 0.879105 0.108027  -0.726525  -0.678595 0.782826
0 0 0 1 0 0 0 1
0.960979  -0.171829  0.216781 0.0636174 0.96111  0.224444  0.160909 -0.498496
-0.236159  -0.917694  0.319478 0.00929712 0.157515  -0.924108  0.348156 -0.0758294
0.144043  -0.358206  -0.922464 1.00717 0.226839  -0.30927  -0.923523 1.15456
0 0 0 1 0 0 0 1
0.987009  -0.116581  -0.110551 0.262332 0.992639  0.0625784  -0.103692 -0.140414
-0.0995159  -0.983818  0.148994 0.177068 0.0783918  -0.984605  0.15623 0.154501
-0.126131  -0.136057  -0.982639 1.04483 -0.0923188  -0.163209  -0.982263 0.885513
0 0 0 1 0 0 0 1
0.922665  -0.355279  0.149889 0.038504 0.817896  0.510393  -0.265604 -0.257285
-0.322226  -0.496875  0.805783 -0.119045 0.532129  -0.495445  0.686566 0.106114
-0.211801  -0.791765  -0.572929 0.890712 0.218826  -0.702875  -0.676817 0.836835
0 0 0 1 0 0 0 1
0.894901  0.420202  0.150274 0.263129 0.97309  -0.223006  -0.0580079 -0.130824
0.436647  -0.754947  -0.48928 -0.0976182 -0.210345  -0.756887  -0.618771 0.141947
-0.0921469  0.503474  -0.859083 0.930004 0.0940844  0.614321  -0.783427 0.972754
0 0 0 1 0 0 0 1
0.933497  -0.316342  0.16885 -0.0239334 0.91369  0.397011  -0.0869019 -0.320152
-0.350029  -0.701631  0.62064 0.0546791 0.36288  -0.700675  0.614306 0.0736835
-0.0778637  -0.638468  -0.7657 0.917158 0.182996  -0.592821  -0.784268 0.840652
0 0 0 1 0 0 0 1
0.9447  -0.265221  0.192871 0.136561 0.970302  0.225598  0.087284 -0.365652
-0.320395  -0.871866  0.370401 0.0751133 0.161126  -0.871908  0.462402 -0.0927976
0.0699192  -0.411713  -0.908628 0.973776 0.180421  -0.434606  -0.882364 1.10244
0 0 0 1 0 0 0 1
0.976091  -0.102898  -0.191464 0.351966 0.973852  -0.101791  -0.203104 -0.0787472
-0.112325  -0.992905  -0.0390227 0.221181 -0.086984  -0.992947  0.0805659 0.0125552
-0.18609  0.0595959  -0.980724 1.08002 -0.209872  -0.0607925  -0.975837 0.818189
0 0 0 1 0 0 0 1
0.963303  -0.244527  0.110695 0.0205913 0.952303  0.303243  -0.0340956 -0.371961
-0.267579  -0.842312  0.46788 -0.109057 0.283873  -0.839353  0.463575 -0.0877384
-0.0211701  -0.48033  -0.876832 1.02189 0.111958  -0.451143  -0.885401 0.910189
0 0 0 1 0 0 0 1
0.929795  0.35182  0.108182 0.113898 0.925328  -0.348557  -0.14925 -0.148469
0.340406  -0.710112  -0.616332 -0.121618 -0.364406  -0.708752  -0.604052 -0.144724
-0.140017  0.609889  -0.78002 0.882446 0.104766  0.613334  -0.782844 0.816752
0 0 0 1 0 0 0 1
0.952505  0.289685  -0.093897 0.22738 0.882852  -0.363242  -0.297704 -0.140494
0.166474  -0.753526  -0.635992 0.183356 -0.465304  -0.762553  -0.449449 -0.134616
-0.254991  0.590154  -0.765962 1.0138 -0.0637562  0.53532  -0.84224 0.784082
0 0 0 1 0 0 0 1
0.889606  0.3681  0.270378 0.186124 0.96174  -0.258833  0.0897831 -0.313293
0.45448  -0.772118  -0.444164 -0.0813315 -0.150566  -0.773158  -0.616081 0.236961
0.0452667  0.518012  -0.854175 0.930772 0.228879  0.578992  -0.782549 1.10146
0 0 0 1 0 0 0 1
0.994294  0.096035  0.0464348 0.179343 0.982211  -0.187682  0.00615547 -0.316974
0.104799  -0.960649  -0.257237 0.125735 -0.181671  -0.958028  -0.22176 0.0490541
0.0199038  0.260635  -0.965232 1.0459 0.0475175  0.216697  -0.975082 1.05799
0 0 0 1 0 0 0 1
0.895886  -0.373643  0.240372 0.114545 0.856004  0.484585  -0.180095 -0.2367
-0.413171  -0.50178  0.759939 -0.119435 0.44413  -0.511035  0.73593 -0.0841435
-0.163332  -0.780133  -0.603916 0.892458 0.264586  -0.709944  -0.652667 0.95661
0 0 0 1 0 0 0 1
0.897408  -0.377266  0.228758 -0.0571494 0.826809  0.507197  -0.243182 -0.287072
-0.393884  -0.451457  0.800651 -0.0627009 0.495166  -0.45123  0.74243 0.0456736
-0.198783  -0.808614  -0.55374 0.86595 0.266828  -0.734263  -0.624228 0.774278
0 0 0 1 0 0 0 1
0.931369  -0.325461  0.163181 0.090605 0.877432  0.454569  -0.153235 -0.197913
-0.341155  -0.623638  0.703341 0.0711797 0.43643  -0.623873  0.648314 0.169103
-0.127144  -0.71074  -0.691869 0.84814 0.199104  -0.635728  -0.745793 0.891114
0 0 0 1 0 0 0 1
0.886326  -0.309925  0.344052 0.0259917 0.921018  0.371026  0.1186 -0.450781
-0.452849  -0.735316  0.50422 0.13343 0.215185  -0.738444  0.639059 -0.111601
0.0967167  -0.602707  -0.792079 0.896984 0.324687  -0.563063  -0.759959 1.07306
0 0 0 1 0 0 0 1
0.963815  -0.181172  0.195543 0.058571 0.959701  0.254833  0.118471 -0.488657
-0.244404  -0.893443  0.376864 -0.206415 0.190229  -0.899385  0.393599 -0.250362
0.106429  -0.411019  -0.905393 1.04498 0.206853  -0.355201  -0.911616 1.114
0 0 0 1 0 0 0 1
0.918347  -0.371414  0.13671 0.0979583 0.835752  0.472341  -0.280022 -0.206732
-0.328279  -0.521898  0.787309 -0.136432 0.521916  -0.52483  0.672426 0.0685322
-0.221069  -0.767902  -0.601211 0.910731 0.170651  -0.708129  -0.685151 0.841249
0 0 0 1 0 0 0 1
0.97291  0.226875  -0.0444285 0.337138 0.920928  -0.338126  -0.193812 -0.136897
0.167173  -0.823155  -0.54265 0.197336 -0.389354  -0.820139  -0.419256 -0.038502
-0.159686  0.520523  -0.838783 1.03846 -0.0171913  0.461566  -0.886939 0.992299
0 0 0 1 0 0 0 1
0.924458  -0.314414  0.215686 0.0390958 0.945308  0.32615  0.00438866 -0.328088
-0.381271  -0.766684  0.516554 0.141254 0.261391  -0.765521  0.587922 0.0116469
0.00295154  -0.559768  -0.828644 0.918882 0.195111  -0.55462  -0.808906 0.944732
0 0 0 1 0 0 0 1
0.980646  -0.181137  0.0743208 0.0412629 0.981065  0.192593  0.0204793 -0.362679
-0.195285  -0.932185  0.304787 0.0136591 0.175414  -0.928392  0.327594 -0.006199
0.0140726  -0.313402  -0.949516 1.02535 0.082105  -0.317799  -0.944597 0.925745
0 0 0 1 0 0 0 1
0.985608  0.0379268  0.164735 0.105207 0.980976  -0.101739  0.165333 -0.488001
0.05849  -0.990826  -0.121828 0.251883 -0.084175  -0.990362  -0.109992 0.224567
0.158604  0.12971  -0.978785 1.04512 0.17493  0.0939825  -0.980085 1.18061
0 0 0 1 0 0 0 1
0.918857  0.340306  0.199735 0.155916 0.979704  0.0236724  0.199045 -0.45647
0.366553  -0.923538  -0.112768 -0.188195 0.0942762  -0.930733  -0.353337 0.292632
0.146087  0.176831  -0.973339 1.00578 0.176894  0.364931  -0.914075 1.13883
0 0 0 1 0 0 0 1
0.921243  -0.318922  0.222711 0.140921 0.980819  0.146429  0.128656 -0.39013
-0.375097  -0.879971  0.291467 0.102076 0.0715303  -0.884387  0.46124 -0.223646
0.103024  -0.352051  -0.930294 0.984176 0.18132  -0.44319  -0.877898 1.10103
0 0 0 1 0 0 0 1
0.93597  -0.352074  -0.00190782 0.257934 0.891325  0.371817  -0.259406 -0.123604
-0.258712  -0.691427  0.674534 -0.168492 0.452592  -0.69636  0.556994 0.0307693
-0.238805  -0.63085  -0.738241 0.989566 0.0264599  -0.613868  -0.788965 0.887568
0 0 0 1 0 0 0 1
0.994504  -0.10461  0.00423001 0.260669 0.999297  -0.0318478  -0.0197877 -0.24403
-0.104672  -0.99433  0.0187289 -0.114403 -0.0295053  -0.993591  0.109114 -0.265232
0.00224679  -0.0190687  -0.999816 1.04469 -0.023136  -0.108454  -0.993832 1.06132
0 0 0 1 0 0 0 1
0.880101  0.392139  0.267675 -0.0214352 0.913164  -0.402507  -0.064184 -0.281484
0.466714  -0.611017  -0.639404 -0.145053 -0.321132  -0.613508  -0.721445 0.00663817
-0.0871812  0.687667  -0.720773 0.846179 0.251009  0.679409  -0.689491 0.831588
0 0 0 1 0 0 0 1
0.95087  -0.304147  -0.0577946 0.28749 0.909543  0.335444  -0.245374 -0.068292
-0.209684  -0.770044  0.602549 0.00372001 0.414795  -0.769594  0.485459 0.216756
-0.227768  -0.560828  -0.795986 0.961562 -0.0259945  -0.543326  -0.839119 0.8611
0 0 0 1 0 0 0 1
0.907062  0.412039  0.0863884 0.141037 0.971238  -0.218038  -0.0956844 -0.159652
0.394811  -0.761299  -0.514342 -0.108509 -0.231801  -0.773922  -0.589333 0.0642593
-0.146161  0.500647  -0.853223 0.939902 0.0544447  0.594562  -0.802204 0.806025
0 0 0 1 0 0 0 1
0.965657  -0.196327  0.170184 0.0486561 0.976903  0.171515  0.127445 -0.446288
-0.238319  -0.930195  0.279181 0.119852 0.116989  -0.928401  0.352682 -0.0134848
0.103493  -0.310151  -0.945037 1.00061 0.178811  -0.329627  -0.927024 1.0623
0 0 0 1 0 0 0 1
0.886417  0.376411  0.269407 0.102174 0.890663  -0.444357  -0.0962659 -0.190096
0.451978  -0.578208  -0.679258 -0.106585 -0.365945  -0.574961  -0.731781 -0.0147927
-0.0999067  0.723872  -0.682663 0.807611 0.269823  0.686999  -0.674706 0.9308
0 0 0 1 0 0 0 1
0.879643  -0.348775  0.323395 -0.00991005 0.879801  0.471241  -0.0623091 -0.373214
-0.472468  -0.562397  0.67859 -0.0279614 0.353582  -0.561181  0.748369 -0.152177
-0.0547991  -0.74971  -0.659493 0.89451 0.317695  -0.680447  -0.66035 0.943715
0 0 0 1 0 0 0 1
0.938588  0.277719  0.204753 0.0906798 0.973545  -0.215314  0.0764858 -0.355145
0.336322  -0.86892  -0.363133 -0.208631 -0.152347  -0.861132  -0.485018 -0.0121915
0.0770651  0.409695  -0.908961 0.952431 0.170295  0.460534  -0.871153 1.02618
0 0 0 1 0 0 0 1
0.937027  0.283491  0.203991 0.0517071 0.916468  -0.399339  -0.0247908 -0.286164
0.348799  -0.729739  -0.588065 -0.179594 -0.332872  -0.726618  -0.601017 -0.160377
-0.0178504  0.622185  -0.782667 0.865365 0.221996  0.559065  -0.798851 0.95196
0 0 0 1 0 0 0 1
0.949466  -0.278781  0.14421 0.0731035 0.930775  0.360816  -0.0589039 -0.250298
-0.310725  -0.769967  0.557316 0.169725 0.331654  -0.765543  0.551316 0.186686
-0.0443322  -0.573961  -0.817681 0.892438 0.15383  -0.532687  -0.832215 0.91121
0 0 0 1 0 0 0 1
0.99284  0.11944  -0.00187567 0.260132 0.990168  -0.137306  -0.0267166 -0.196854
0.115827  -0.96641  -0.229427 -0.248365 -0.139857  -0.968189  -0.207485 -0.275607
-0.0292155  0.227567  -0.973324 1.00823 0.00262235  0.209182  -0.977873 1.03592
0 0 0 1 0 0 0 1
0.954103  -0.286171  0.0882816 0.0920982 0.952082  0.298696  -0.0657266 -0.254105
-0.291303  -0.818408  0.495329 0.0872459 0.289608  -0.811397  0.507703 0.0813117
-0.0694985  -0.498312  -0.864208 0.952713 0.0983186  -0.502409  -0.859022 0.894587
0 0 0 1 0 0 0 1
0.889254  -0.385919  0.245549 0.0240882 0.839053  0.49916  -0.2164 -0.274013
-0.414992  -0.454902  0.787938 -0.130899 0.467718  -0.458639  0.755573 -0.0680611
-0.19238  -0.802578  -0.564676 0.893382 0.277902  -0.73518  -0.618288 0.866944
0 0 0 1 0 0 0 1
0.975589  0.216945  -0.0340728 0.105878 0.945498  -0.293584  -0.140862 -0.234846
0.174723  -0.860796  -0.478019 0.0709851 -0.325586  -0.859278  -0.394506 -0.0873278
-0.133033  0.460396  -0.877689 1.00991 -0.00521926  0.418867  -0.908033 0.809732
0 0 0 1 0 0 0 1
0.937383  -0.34711  -0.0287748 0.294894 0.983433  0.132889  -0.123288 -0.0854497
-0.308612  -0.866027  0.393391 0.0733575 0.175277  -0.870561  0.459783 -0.0612225
-0.16147  -0.359878  -0.918921 1.00104 -0.0462295  -0.473776  -0.879431 0.873402
0 0 0 1 0 0 0 1
0.881601  -0.349647  0.31706 0.0668202 0.911342  0.411602  0.00629978 -0.342486
-0.471988  -0.656819  0.58806 0.0516622 0.287386  -0.647119  0.706149 -0.14598
0.00263744  -0.668083  -0.744082 0.889559 0.294729  -0.641733  -0.708035 1.01276
0 0 0 1 0 0 0 1
0.999914  0.00365626  0.0125603 0.199306 0.999441  -0.0313394  0.0116234 -0.265396
0.00435775  -0.998405  -0.0562843 -0.178029 -0.0312704  -0.999493  -0.00607319 -0.216848
0.0123345  0.0563342  -0.998336 1.04262 0.0118078  0.00570633  -0.999914 1.01331
0 0 0 1 0 0 0 1
0.951027  0.233381  0.202683 0.018223 0.947337  -0.315589  0.0543764 -0.405865
0.302792  -0.835235  -0.45902 -0.106187 -0.249293  -0.833336  -0.49336 -0.0507376
0.0621609  0.497911  -0.864997 0.950996 0.201013  0.453822  -0.868124 0.997915
0 0 0 1 0 0 0 1
0.888888  -0.45744  0.0250339 0.23776 0.895954  0.316316  -0.311787 0.00684066
-0.34188  -0.625976  0.700908 0.0232707 0.444026  -0.621484  0.645445 0.134535
-0.304953  -0.631587  -0.712812 0.893316 0.0103937  -0.71673  -0.697273 0.708506
0 0 0 1 0 0 0 1
0.971389  -0.208226  0.114214 0.198022 0.954565  0.297933  0.00650288 -0.313788
-0.237445  -0.861155  0.44948 -0.131746 0.265391  -0.859824  0.4362 -0.0985662
0.00476294  -0.46374  -0.885958 1.01415 0.135549  -0.414655  -0.899826 1.1069
0 0 0 1 0 0 0 1
0.927863  -0.356648  0.108956 0.0629235 0.970608  0.238015  -0.0356344 -0.265427
-0.36467  -0.80663  0.465149 0.107721 0.218677  -0.810369  0.543583 -0.0458627
-0.0780073  -0.471328  -0.878501 0.960048 0.100504  -0.535398  -0.838599 0.847145
0 0 0 1 0 0 0 1
0.987878  -0.0729068  0.137045 0.0391679 0.989102  0.0955493  0.11202 -0.450971
-0.0948615  -0.982352  0.161198 0.235338 0.0792058  -0.98666  0.142226 0.224212
0.122874  -0.172245  -0.977361 1.01752 0.124115  -0.131804  -0.983475 1.0502
0 0 0 1 0 0 0 1
0.974166  -0.211244  -0.0798545 0.323617 0.991228  -0.092306  -0.0945903 -0.139597
-0.209784  -0.977393  0.0263442 0.237508 -0.0702783  -0.974245  0.21426 -0.0609182
-0.0836143  -0.00891142  -0.996458 1.05524 -0.111932  -0.205733  -0.972186 0.921144
0 0 0 1 0 0 0 1
0.944562  -0.319901  0.0739318 0.1486 0.907152  0.388467  -0.161767 -0.216739
-0.29172  -0.714346  0.636089 -0.0901715 0.406544  -0.709839  0.575196 0.0267081
-0.150673  -0.622393  -0.768066 0.965232 0.108616  -0.587556  -0.801861 0.915186
0 0 0 1 0 0 0 1
0.87586  0.394041  0.278569 0.137072 0.879067  -0.456087  -0.138656 -0.197102
0.462549  -0.52099  -0.717369 0.0318451 -0.389929  -0.520647  -0.759528 0.110864
-0.137541  0.757167  -0.638577 0.857559 0.27422  0.721742  -0.635525 0.962905
0 0 0 1 0 0 0 1
0.948708  -0.310238  0.0608714 0.00184318 0.835969  0.477129  -0.271115 -0.288718
-0.247238  -0.608028  0.754437 -0.147883 0.535284  -0.600077  0.594457 0.155259
-0.197043  -0.730791  -0.653544 0.944452 0.120943  -0.642071  -0.757045 0.762453
0 0 0 1 0 0 0 1
0.920282  0.345851  0.182943 0.116116 0.924416  -0.37473  -0.070935 -0.293455
0.383647  -0.705906  -0.595408 0.128137 -0.329452  -0.690907  -0.643513 0.183005
-0.0767818  0.618129  -0.782318 0.976209 0.192134  0.618244  -0.762141 0.979956
0 0 0 1 0 0 0 1
0.972958  0.228014  0.0369001 0.0626683 0.992012  -0.12432  -0.0213788 -0.311886
0.229322  -0.934452  -0.272418 0.0131846 -0.124427  -0.93648  -0.327908 0.11446
-0.0276338  0.273513  -0.961471 1.03189 0.0207445  0.327948  -0.944468 0.860051
0 0 0 1 0 0 0 1
0.906302  -0.397929  0.142371 -0.00850897 0.919678  0.35972  -0.157457 -0.259782
-0.389617  -0.656146  0.646275 -0.0322579 0.369272  -0.65594  0.658317 -0.0554708
-0.163755  -0.64119  -0.749706 0.939083 0.133528  -0.663584  -0.736089 0.747425
0 0 0 1 0 0 0 1
0.894093  -0.445227  0.0487005 0.121681 0.920768  0.302377  -0.246483 -0.0634895
-0.363311  -0.657378  0.660196 0.0912759 0.388785  -0.659254  0.643607 0.118816
-0.261922  -0.60797  -0.749513 0.880957 0.0321171  -0.688441  -0.72458 0.663947
0 0 0 1 0 0 0 1
0.929785  -0.34818  0.11946 0.0339137 0.937723  0.327738  -0.115164 -0.203976
-0.349798  -0.734661  0.581304 0.171894 0.3299  -0.736324  0.590757 0.147622
-0.114636  -0.582275  -0.804869 0.884853 0.108815  -0.591959  -0.798589 0.776057
0 0 0 1 0 0 0 1
0.972488  -0.208675  0.103549 0.235749 0.996345  -0.00752778  0.0850822 -0.31257
-0.21885  -0.970709  0.099137 -0.0487737 -0.0254851  -0.976936  0.212004 -0.301245
0.0798287  -0.119071  -0.989671 1.03336 0.081524  -0.213398  -0.973558 1.124
0 0 0 1 0 0 0 1
0.916405  0.351475  0.191488 0.0682065 0.887414  -0.44039  -0.136212 -0.303037
0.38019  -0.614815  -0.690983 0.153677 -0.408541  -0.614491  -0.674903 0.126099
-0.125134  0.706022  -0.697047 0.953189 0.21352  0.654567  -0.725225 0.933419
0 0 0 1 0 0 0 1
0.976109  0.184206  0.115232 0.115605 0.992078  -0.0894386  0.0882179 -0.377724
0.203659  -0.960472  -0.189782 0.0216618 -0.0626586  -0.960935  -0.269588 0.169179
0.0757177  0.208716  -0.975041 1.02908 0.108883  0.261924  -0.958927 1.04628
0 0 0 1 0 0 0 1
0.921043  -0.378414  0.092105 0.26015 0.968378  0.23478  -0.084394 -0.131855
-0.37266  -0.787596  0.490732 0.0482838 0.240689  -0.790111  0.563732 -0.0931753
-0.113158  -0.486309  -0.866429 0.957322 0.0656726  -0.566219  -0.821635 0.957068
0 0 0 1 0 0 0 1
0.945095  0.296775  0.136818 0.215171 0.959794  -0.279267  -0.028385 -0.220169
0.325131  -0.811723  -0.485176 -0.0284246 -0.251591  -0.810989  -0.528203 0.0476846
-0.0329301  0.503021  -0.863646 0.964122 0.12449  0.514107  -0.848644 1.03398
0 0 0 1 0 0 0 1
0.978742  0.181942  -0.094659 0.292287 0.966164  -0.202424  -0.159848 -0.101995
0.138214  -0.926121  -0.350994 -0.0966556 -0.243765  -0.919156  -0.309404 -0.202528
-0.151526  0.33045  -0.931581 1.01202 -0.0842941  0.3379  -0.937399 0.898706
0 0 0 1 0 0 0 1
0.918554  -0.346509  0.190235 0.218248 0.979082  0.18562  0.0833257 -0.276437
-0.393332  -0.84909  0.352613 0.160755 0.115567  -0.8444  0.523099 -0.132642
0.0393438  -0.39872  -0.916229 0.950297 0.167458  -0.502528  -0.848189 1.09531
0 0 0 1 0 0 0 1
0.92649  -0.369396  0.0718478 0.258427 0.897845  0.377832  -0.226091 -0.052036
-0.314449  -0.655045  0.687051 0.0372564 0.433461  -0.66823  0.604633 0.167128
-0.20673  -0.659138  -0.723049 0.882898 0.0773684  -0.640868  -0.763742 0.891063
0 0 0 1 0 0 0 1
0.910223  0.385637  0.150926 0.144404 0.905215  -0.389963  -0.168862 -0.0916338
0.378769  -0.627927  -0.679884 -0.150576 -0.395425  -0.627423  -0.670805 -0.165588
-0.167418  0.676012  -0.71762 0.814977 0.155642  0.673995  -0.722154 0.842812
0 0 0 1 0 0 0 1
0.871665  -0.336202  0.356607 -0.00935078 0.827164  0.551293  -0.108977 -0.393995
-0.481958  -0.455912  0.748239 -0.122 0.410328  -0.460007  0.787417 -0.190923
-0.0889777  -0.824083  -0.559437 0.885628 0.383967  -0.696039  -0.606712 0.980855
0 0 0 1 0 0 0 1
0.91736  -0.263714  0.298169 0.0659423 0.931597  0.338502  0.132453 -0.490126
-0.381385  -0.796816  0.468647 -0.0863487 0.207569  -0.794539  0.570634 -0.263559
0.113997  -0.543635  -0.831544 0.979548 0.2984  -0.504107  -0.810453 1.14753
0 0 0 1 0 0 0 1
0.9132  0.357711  0.195215 0.235245 0.980548  -0.119347  0.155826 -0.320411
0.401805  -0.870268  -0.284933 -0.0762956 -0.0314099  -0.87908  -0.475639 0.301312
0.0679656  0.338639  -0.938459 0.978759 0.19375  0.461493  -0.865728 1.13918
0 0 0 1 0 0 0 1
0.919071  -0.392931  -0.0302339 0.191027 0.932108  0.26498  -0.246903 -0.0552538
-0.300624  -0.74863  0.590913 0.0538988 0.360391  -0.746281  0.559627 0.11795
-0.254822  -0.534001  -0.806169 0.934422 -0.035969  -0.610614  -0.791111 0.693614
0 0 0 1 0 0 0 1
0.897879  0.338716  0.28122 0.112172 0.970392  -0.173479  0.16806 -0.431465
0.41831  -0.855506  -0.305167 -0.188904 -0.0601168  -0.847376  -0.527579 0.18475
0.13722  0.39164  -0.909829 0.953442 0.233934  0.501855  -0.832716 1.11042
0 0 0 1 0 0 0 1
0.95019  -0.303217  -0.0720982 0.28797 0.945519  0.241293  -0.218569 -0.0721232
-0.229425  -0.837051  0.496699 -0.0302821 0.316557  -0.838224  0.44404 0.0632031
-0.210957  -0.455418  -0.864923 1.00203 -0.0760659  -0.489037  -0.86894 0.8274
0 0 0 1 0 0 0 1
0.94416  -0.326067  -0.047358 0.14703 0.864382  0.399315  -0.3056 -0.166127
-0.203666  -0.690537  0.694031 -0.155228 0.50283  -0.683585  0.52903 0.156832
-0.259003  -0.645631  -0.718386 0.97584 0.00234583  -0.610949  -0.791666 0.741003
0 0 0 1 0 0 0 1
