0.962852  0.250868  0.0999088 0.0601159 0.954678  -0.294769  -0.0412504 -0.260185
0.267595  -0.836875  -0.477529 -0.229625 -0.278777  -0.836987  -0.470889 -0.241215
-0.0361853  0.486524  -0.872917 0.919854 0.104278  0.461047  -0.881227 0.882573
0 0 0 1 0 0 0 1
0.997826  0.0617173  -0.0231256 0.232325 0.984236  -0.170265  -0.0478483 -0.255227
0.0546245  -0.970752  -0.233787 0.249982 -0.175898  -0.970562  -0.164529 0.122058
-0.036878  0.232016  -0.972013 1.07132 -0.0184261  0.170352  -0.985211 1.01335
0 0 0 1 0 0 0 1
0.97653  0.152445  0.152153 0.0358518 0.926343  -0.376231  0.0183962 -0.421965
0.209351  -0.837835  -0.504188 -0.00513953 -0.332195  -0.838993  -0.430973 -0.135235
0.0506177  0.524207  -0.850085 0.977117 0.17758  0.393118  -0.902177 1.02644
0 0 0 1 0 0 0 1
0.967951  0.245031  0.055057 0.189379 0.901563  -0.406671  -0.147658 -0.233225
0.22554  -0.751706  -0.619734 0.105504 -0.422424  -0.753654  -0.503551 -0.102862
-0.110467  0.612289  -0.782879 0.978708 0.0934969  0.516357  -0.851254 0.978454
0 0 0 1 0 0 0 1
0.949264  -0.314424  -0.00598247 0.29036 0.927688  0.317003  -0.197242 -0.129327
-0.253607  -0.776626  0.576659 -0.15977 0.373285  -0.777149  0.506653 -0.0336652
-0.185962  -0.545884  -0.816963 1.01757 0.00732352  -0.543643  -0.839284 0.940599
0 0 0 1 0 0 0 1
0.976013  0.214844  -0.0352119 0.237786 0.988299  -0.125976  -0.0859981 -0.145565
0.196049  -0.937662  -0.286974 -0.244904 -0.14683  -0.938438  -0.312689 -0.19345
-0.0946715  0.273187  -0.957291 0.998985 -0.0413125  0.321657  -0.945955 0.903868
0 0 0 1 0 0 0 1
0.941797  -0.331572  0.0554789 0.0758997 0.906523  0.373429  -0.196893 -0.24
-0.287597  -0.709187  0.643694 -0.130468 0.415786  -0.70907  0.569509 0.00452041
-0.174086  -0.622185  -0.763269 0.98339 0.0730604  -0.598139  -0.798055 0.800431
0 0 0 1 0 0 0 1
0.863439  -0.378839  0.333097 0.0437182 0.832333  0.527477  -0.170266 -0.294131
-0.480491  -0.416546  0.771763 -0.115454 0.427569  -0.415541  0.802814 -0.169649
-0.153624  -0.826421  -0.541691 0.866439 0.352713  -0.741009  -0.571401 0.946633
0 0 0 1 0 0 0 1
0.948461  -0.29758  -0.108938 0.249128 0.89521  0.333579  -0.295506 -0.119621
-0.173027  -0.77431  0.608692 -0.189674 0.438789  -0.775649  0.453688 0.0902719
-0.265486  -0.558472  -0.785892 1.02626 -0.0778685  -0.535811  -0.84074 0.774149
0 0 0 1 0 0 0 1
0.881151  -0.42058  0.216068 0.112976 0.841796  0.472479  -0.261043 -0.148114
-0.408667  -0.447557  0.795414 -0.0659117 0.484364  -0.447691  0.751641 0.0135241
-0.237833  -0.78918  -0.566243 0.846323 0.238268  -0.759168  -0.605716 0.852163
0 0 0 1 0 0 0 1
0.972009  -0.215753  0.0930009 0.0365952 0.917248  0.389108  -0.0851515 -0.376872
-0.229596  -0.788325  0.570815 -0.180751 0.379416  -0.788457  0.484128 -0.021932
-0.0498402  -0.57619  -0.815795 1.01932 0.12124  -0.476373  -0.870844 0.928798
0 0 0 1 0 0 0 1
0.833592  0.469134  0.291611 0.188635 0.953995  -0.299792  -0.00420628 -0.149424
0.54742  -0.63102  -0.549677 -0.189121 -0.20202  -0.632372  -0.747859 0.174483
-0.0738601  0.61784  -0.782827 0.826939 0.221543  0.714304  -0.663844 0.932246
0 0 0 1 0 0 0 1
0.96961  -0.218998  0.10907 0.0836999 0.896244  0.432949  -0.0964463 -0.33312
-0.238734  -0.749431  0.617543 -0.0867252 0.416965  -0.748187  0.516097 0.1023
-0.0535004  -0.624814  -0.778938 0.971627 0.151284  -0.502763  -0.851083 0.972867
0 0 0 1 0 0 0 1
0.959152  0.263008  0.104183 0.139386 0.942443  -0.328847  -0.0605125 -0.262995
0.277737  -0.805517  -0.523455 -0.000873132 -0.313702  -0.806957  -0.500412 -0.0393838
-0.0537519  0.531008  -0.84566 0.970358 0.115728  0.490592  -0.86367 0.973952
0 0 0 1 0 0 0 1
0.892053  -0.441303  0.0974332 0.121375 0.946848  0.275281  -0.166434 -0.0953772
-0.406879  -0.690406  0.598155 0.153778 0.315179  -0.690379  0.651183 0.0570459
-0.196699  -0.573229  -0.795435 0.883368 0.0643558  -0.669027  -0.740447 0.724297
0 0 0 1 0 0 0 1
0.979894  0.161877  -0.11663 0.353425 0.955148  -0.231783  -0.184305 -0.120266
0.105782  -0.917159  -0.384225 0.252069 -0.277165  -0.918871  -0.280813 0.0713309
-0.169166  0.364163  -0.915843 1.08035 -0.104265  0.319301  -0.9419 0.940691
0 0 0 1 0 0 0 1
0.960176  0.278691  0.0198473 0.178995 0.930817  -0.33064  -0.155743 -0.146651
0.241692  -0.792864  -0.559422 -0.0931242 -0.363449  -0.792472  -0.48979 -0.220093
-0.140169  0.54194  -0.828646 0.935017 0.0385225  0.512509  -0.857817 0.866025
0 0 0 1 0 0 0 1
0.960044  -0.272437  -0.0639752 0.246493 0.968902  0.189447  -0.159181 -0.0874182
-0.224183  -0.885547  0.406876 0.16995 0.238612  -0.885666  0.398322 0.183936
-0.167501  -0.376277  -0.91124 0.981139 -0.0655203  -0.423918  -0.903328 0.821578
0 0 0 1 0 0 0 1
0.960164  -0.228308  0.161121 0.0510586 0.942385  0.334306  0.012264 -0.360763
-0.278714  -0.823875  0.493507 0.0751467 0.286099  -0.824409  0.488361 0.0828252
0.0200714  -0.518754  -0.854688 0.956655 0.173372  -0.456715  -0.872556 0.988833
0 0 0 1 0 0 0 1
0.953175  0.280962  0.111884 0.00358509 0.865086  -0.470842  -0.173016 -0.313597
0.274935  -0.650958  -0.707577 0.0542834 -0.473657  -0.653173  -0.590774 -0.155097
-0.12597  0.705205  -0.697723 0.926316 0.165152  0.59302  -0.788069 0.845404
0 0 0 1 0 0 0 1
0.918497  0.383496  0.0964093 0.230083 0.897679  -0.385176  -0.214036 -0.0464326
0.33971  -0.640476  -0.688757 -0.0904913 -0.427037  -0.640631  -0.638147 -0.18256
-0.202388  0.665373  -0.718553 0.849826 0.108681  0.664253  -0.739565 0.871173
0 0 0 1 0 0 0 1
0.835624  0.430305  0.341423 0.19814 0.912173  -0.407529  -0.0431415 -0.162859
0.542066  -0.545427  -0.639277 -0.0559078 -0.281253  -0.545985  -0.789175 0.217656
-0.088863  0.719269  -0.689025 0.814239 0.298057  0.731998  -0.612651 1.00736
0 0 0 1 0 0 0 1
0.915665  -0.386922  0.108856 0.189379 0.989217  0.145349  -0.0180016 -0.194201
-0.397841  -0.833862  0.382618 0.194228 0.132299  -0.834071  0.535558 -0.084338
-0.057272  -0.393657  -0.917472 0.958103 0.0628281  -0.532165  -0.844306 0.912777
0 0 0 1 0 0 0 1
0.998595  -0.0529836  0.000613426 0.210103 0.999627  -0.0271428  0.00287232 -0.265307
-0.0529847  -0.998593  0.00205951 0.18927 -0.0272412  -0.998704  0.0429801 0.106081
0.000503443  -0.00208912  -0.999998 1.05099 0.001702  -0.0430424  -0.999072 1.01852
0 0 0 1 0 0 0 1
0.998662  -0.0516801  -0.00157415 0.294192 0.999656  -0.0258532  0.00449448 -0.222915
-0.0516822  -0.998663  -0.00133061 0.189166 -0.0260298  -0.998643  0.045102 0.10596
-0.00150328  0.00141018  -0.999998 1.05117 0.00332235  -0.0452035  -0.998972 1.09116
0 0 0 1 0 0 0 1
0.998592  -0.0530451  -0.000271947 0.0840912 0.999669  -0.0257281  0.000961429 -0.328058
-0.0530413  -0.998561  0.00788497 0.189143 -0.025745  -0.998594  0.0463373 0.106277
-0.000689815  -0.00785945  -0.999969 1.05027 -0.000232095  -0.0463467  -0.998925 0.908897
0 0 0 1 0 0 0 1
0.998677  -0.0513604  0.00258883 0.25228 0.99967  -0.0250554  0.00571082 -0.244269
-0.051348  -0.99867  -0.00465672 0.231064 -0.0253044  -0.998489  0.0487739 0.148239
0.00282456  0.00451763  -0.999986 1.05085 0.00448014  -0.0489023  -0.998794 1.05593
0 0 0 1 0 0 0 1
0.998644  0.0520618  0.000242593 0.273548 0.999642  0.0267498  -0.000448769 -0.233528
0.0520606  -0.998637  0.00366315 -0.0839936 0.0267083  -0.998785  -0.0414268 -0.000977494
0.000432972  -0.00364555  -0.999993 1.05135 -0.00155638  0.0413999  -0.999141 1.07369
0 0 0 1 0 0 0 1
0.998642  -0.0520717  -0.00136297 0.168118 0.999655  -0.0262546  0.00123121 -0.285847
-0.0520685  -0.998641  0.00227627 0.147189 -0.0262834  -0.998572  0.0465171 0.0641529
-0.00147964  -0.00220222  -0.999996 1.05106 8.16901e-06  -0.0465334  -0.998917 0.981554
0 0 0 1 0 0 0 1
0.998601  -0.0525122  -0.00614727 0.0840801 0.999673  -0.0255282  0.00161315 -0.328163
-0.0525731  -0.998565  -0.0102097 0.10523 -0.0255756  -0.998593  0.0464522 0.0222505
-0.00560231  0.0105186  -0.999929 1.05275 0.000425043  -0.0464782  -0.998919 0.909657
0 0 0 1 0 0 0 1
0.998573  0.0534013  0.000110192 0.104905 0.999674  0.0255143  -0.000493069 -0.317654
0.0534002  -0.998533  -0.00897263 0.0839741 0.0254624  -0.998554  -0.0473359 0.167183
-0.000369121  0.00896571  -0.99996 1.05038 -0.0017001  0.0473079  -0.998879 0.927159
0 0 0 1 0 0 0 1
0.998616  0.0524624  0.00383571 0.147408 0.999673  0.0254651  -0.00222611 -0.296547
0.0524588  -0.998623  0.00102165 0.126164 0.0253229  -0.99844  -0.0497657 0.209035
0.00388402  -0.000819018  -0.999992 1.051 -0.00348993  0.0496931  -0.998758 0.963236
0 0 0 1 0 0 0 1
0.998613  0.0526404  0.00117302 0.189331 0.999636  0.0268363  -0.00267291 -0.275617
0.0526437  -0.998609  -0.00289963 2.91486e-05 0.0266979  -0.998732  -0.0426872 0.0829328
0.00101875  0.00295736  -0.999995 1.05114 -0.00381508  0.0426003  -0.999085 1.00007
0 0 0 1 0 0 0 1
0.998583  -0.0531375  -0.00303226 0.210144 0.999665  -0.0258744  0.000934439 -0.265115
-0.0531275  -0.998582  0.00328819 0.10522 -0.0258902  -0.998642  0.0452091 0.0221112
-0.00320269  -0.00312243  -0.99999 1.05064 -0.000236591  -0.0452182  -0.998977 1.0186
0 0 0 1 0 0 0 1
0.998616  0.0525483  0.00219479 0.189183 0.999652  0.0262596  0.00250211 -0.275858
0.0525461  -0.998618  0.00105326 0.168015 0.0263451  -0.998656  -0.0446377 0.251447
0.00224711  -0.000936472  -0.999997 1.05112 0.00132658  0.0446881  -0.999 1.00091
0 0 0 1 0 0 0 1
0.998618  0.0525218  -0.00164342 0.189115 0.999641  0.0267383  0.00151758 -0.275675
0.0525265  -0.998615  0.00300086 0.0841933 0.0267806  -0.998428  -0.0492412 0.166982
-0.00148354  -0.00308304  -0.999994 1.05133 0.000198567  0.0492641  -0.998786 0.999871
0 0 0 1 0 0 0 1
0.998649  0.0519541  0.000981937 0.27317 0.999677  0.0253747  0.0014206 -0.233373
0.0519558  -0.998648  -0.00184976 -0.210171 0.0254129  -0.99866  -0.0450773 -0.126981
0.000884506  0.00189828  -0.999998 1.0505 0.00027487  0.0450988  -0.998982 1.07263
0 0 0 1 0 0 0 1
0.998638  -0.0521387  0.0018177 0.0842435 0.999666  -0.0258121  -0.0012775 -0.328093
-0.0521412  -0.998639  0.00140817 -0.0631561 -0.0257294  -0.998672  0.0446279 -0.146066
0.00174181  -0.00150103  -0.999997 1.05097 -0.00242775  -0.0445801  -0.999003 0.909112
0 0 0 1 0 0 0 1
0.998602  -0.0523851  0.00701771 0.126253 0.999649  -0.0263878  0.00248535 -0.307136
-0.0524004  -0.998624  0.00201345 -0.0209305 -0.026475  -0.998562  0.0466122 -0.104066
0.00690258  -0.00237836  -0.999973 1.0502 0.00125179  -0.0466616  -0.99891 0.945924
0 0 0 1 0 0 0 1
0.998645  0.0519611  -0.0026982 0.0630364 0.999664  0.0258822  0.00142454 -0.338652
0.0519667  -0.998647  0.00206142 0.0420308 0.0259206  -0.998554  -0.047091 0.125178
-0.00258744  -0.00219885  -0.999994 1.0513 0.000203665  0.0471121  -0.99889 0.891086
0 0 0 1 0 0 0 1
0.998581  0.0531873  0.00272566 0.147077 0.999664  0.0257663  -0.00283448 -0.296745
0.0531837  -0.998584  0.0013643 0.0420729 0.025607  -0.998593  -0.0464383 0.12503
0.00279436  -0.00121741  -0.999995 1.05013 -0.00402703  0.0463501  -0.998917 0.963732
0 0 0 1 0 0 0 1
0.998597  0.0529071  0.00232893 0.147245 0.999664  0.0257417  0.00302425 -0.296722
0.0529203  -0.998581  -0.00602943 -0.0422031 0.0258512  -0.998667  -0.0446811 0.0409431
0.00200662  0.00614421  -0.999979 1.051 0.00187005  0.0447443  -0.998997 0.964011
0 0 0 1 0 0 0 1
0.998653  -0.051836  -0.00209508 0.126086 0.999679  -0.025024  -0.00407447 -0.307098
-0.0518359  -0.998656  9.35448e-05 -0.105384 -0.0248085  -0.998617  0.0463632 -0.188053
-0.00209711  1.51814e-05  -0.999998 1.05199 -0.00522903  -0.0462473  -0.998916 0.944916
0 0 0 1 0 0 0 1
0.998608  0.0527358  -0.000859424 0.105014 0.999677  0.0253899  0.000520881 -0.317931
0.0527331  -0.998604  -0.00296979 -6.77231e-05 0.0253846  -0.998452  -0.0494955 0.082912
-0.00101484  0.00292034  -0.999995 1.05051 -0.000736611  0.0494928  -0.998774 0.927697
0 0 0 1 0 0 0 1
0.998578  0.0532969  -0.00096191 0.0629463 0.999676  0.0254187  -0.000976971 -0.338699
0.053297  -0.998579  5.42145e-05 -0.0420936 0.0253421  -0.998516  -0.0482047 0.0411465
-0.000957653  -0.000105404  -1 1.05129 -0.00220082  0.0481644  -0.998837 0.890846
0 0 0 1 0 0 0 1
0.998637  0.0519889  -0.00455607 0.231271 0.999655  0.0262521  0.000790115 -0.254468
0.0519967  -0.998646  0.00160096 -0.126214 0.0262594  -0.99846  -0.0488763 -0.0431383
-0.00446666  -0.00183568  -0.999988 1.05194 -0.000494208  0.0488802  -0.998805 1.0357
0 0 0 1 0 0 0 1
0.998548  0.0538486  -0.0013733 0.188882 0.999628  0.0272737  -0.000504195 -0.275613
0.0538352  -0.998515  -0.00839529 -0.0842809 0.0272317  -0.998827  -0.0400335 -0.00094965
-0.00182333  0.00830916  -0.999964 1.05029 -0.00159546  0.0400048  -0.999198 1.00082
0 0 0 1 0 0 0 1
0.998629  -0.0523375  -0.00107189 0.0841729 0.999662  -0.0259427  -0.00193075 -0.328074
-0.0523377  -0.998629  -0.000138136 0.0209986 -0.0258182  -0.998483  0.0486386 -0.061839
-0.00106319  0.000194046  -0.999999 1.05175 -0.00318964  -0.0485723  -0.998815 0.908566
0 0 0 1 0 0 0 1
0.998653  0.0517443  0.00381345 0.104962 0.999637  0.0269348  -0.000939693 -0.317538
0.0517372  -0.998659  0.00194781 -0.0840781 0.0268667  -0.998656  -0.0443244 -0.00101734
0.00390913  -0.00174789  -0.999991 1.0509 -0.0021323  0.0442831  -0.999017 0.926743
0 0 0 1 0 0 0 1
0.998607  -0.0527604  -8.66766e-05 0.336284 0.999655  -0.0260512  -0.00320964 -0.202059
-0.0527604  -0.998602  -0.00321516 -0.0211124 -0.0258789  -0.998635  0.0453637 -0.104112
8.30778e-05  0.00321525  -0.999995 1.05087 -0.00438704  -0.045265  -0.998965 1.12709
0 0 0 1 0 0 0 1
0.998617  0.0524077  -0.00420732 0.062936 0.999691  0.0247636  0.00196487 -0.338994
0.0524112  -0.998625  0.000733762 -0.210121 0.0248279  -0.998628  -0.0461114 -0.127316
-0.00416309  -0.000953258  -0.999991 1.05047 0.000820286  0.046146  -0.998934 0.891588
0 0 0 1 0 0 0 1
0.998653  0.0518894  -0.000133137 0.231014 0.999641  0.0265126  0.00376416 -0.254565
0.0518887  -0.998648  -0.00307481 0.0419425 0.0266439  -0.998817  -0.0406798 0.125389
-0.000292507  0.00306376  -0.999995 1.05035 0.00268118  0.0407655  -0.999165 1.03658
0 0 0 1 0 0 0 1
0.998622  0.0524877  -0.000123665 0.063034 0.999647  0.0263978  0.00284647 -0.338821
0.0524878  -0.99862  0.00183376 -0.126167 0.0265059  -0.998439  -0.0491645 -0.0431474
-2.72446e-05  -0.00183773  -0.999998 1.05137 0.00154419  0.0492226  -0.998787 0.891563
0 0 0 1 0 0 0 1
0.998642  -0.0520984  0.000476417 0.336557 0.999655  -0.0262538  0.00122384 -0.201977
-0.0520975  -0.998641  -0.00161679 0.105237 -0.0262823  -0.998521  0.047586 0.0219488
0.000560001  0.00158977  -0.999999 1.05197 -2.72873e-05  -0.0476017  -0.998866 1.1289
0 0 0 1 0 0 0 1
0.998653  0.0518348  -0.00219737 0.147227 0.999629  0.0269599  -0.00393331 -0.296486
0.051831  -0.998654  -0.00173169 -0.126098 0.0267457  -0.998539  -0.0469615 -0.0428514
-0.00228417  0.00161547  -0.999996 1.05113 -0.00519364  0.0468389  -0.998889 0.962789
0 0 0 1 0 0 0 1
0.998616  0.0525681  0.00174325 0.231348 0.999644  0.0266495  -0.000960389 -0.254719
0.0525778  -0.998598  -0.00612947 -0.0419721 0.0265803  -0.998655  -0.0445067 0.0410094
0.00141859  0.00621264  -0.99998 1.05087 -0.00214518  0.0444653  -0.999009 1.0369
0 0 0 1 0 0 0 1
0.998631  -0.0523024  0.000478446 0.168265 0.999663  -0.0258366  0.00247362 -0.286286
-0.0523012  -0.998629  -0.00229457 0.063282 -0.025925  -0.998534  0.0475172 -0.0199596
0.000597802  0.0022664  -0.999997 1.05142 0.00124231  -0.0475653  -0.998867 0.982359
0 0 0 1 0 0 0 1
0.998618  0.0525109  -0.00209568 0.315072 0.999657  0.0261274  0.0019278 -0.212597
0.0525073  -0.998619  -0.00176442 -0.126254 0.0261871  -0.998679  -0.0442176 -0.0431085
-0.00218544  0.00165194  -0.999996 1.05094 0.000769963  0.0442529  -0.99902 1.10991
0 0 0 1 0 0 0 1
0.998657  -0.0517592  0.00233135 0.252114 0.999648  -0.0264343  -0.00207967 -0.244083
-0.0517504  -0.998653  -0.00370443 0.0207639 -0.0263192  -0.99871  0.0434143 -0.0620502
0.00251995  0.0035788  -0.99999 1.05065 -0.00322461  -0.0433443  -0.999055 1.05455
0 0 0 1 0 0 0 1
0.9986  0.0528792  -0.000957118 0.315113 0.999632  0.0271007  -0.00117911 -0.212208
0.0528773  -0.998599  -0.0019496 -0.0420972 0.0270315  -0.998827  -0.0401644 0.0410514
-0.00105887  0.00189626  -0.999998 1.05095 -0.00226621  0.0401177  -0.999192 1.10812
0 0 0 1 0 0 0 1
0.998607  0.0527304  0.0018957 0.231363 0.999647  0.0261228  0.00489714 -0.254437
0.0527337  -0.998607  -0.0017266 0.125989 0.0263285  -0.998494  -0.0481336 0.209169
0.00180201  0.00182416  -0.999997 1.0515 0.00363237  0.0482455  -0.998829 1.03724
0 0 0 1 0 0 0 1
0.998631  0.0522163  0.00306906 0.105212 0.99965  0.0264277  0.000962506 -0.3174
0.052203  -0.998627  0.00424554 -0.252205 0.0264441  -0.99861  -0.0456045 -0.169131
0.00328653  -0.00407952  -0.999986 1.0512 -0.000244054  0.045614  -0.998959 0.926558
0 0 0 1 0 0 0 1
0.998623  -0.0521963  0.00525105 0.294167 0.999676  -0.0254024  -0.00160354 -0.223443
-0.0521936  -0.998637  -0.000643499 -0.0629789 -0.0253074  -0.998714  0.043938 -0.146212
0.00527748  0.000368542  -0.999986 1.0508 -0.00271761  -0.0438831  -0.999033 1.09183
0 0 0 1 0 0 0 1
0.998609  0.0524646  -0.00531032 0.273328 0.999662  0.025946  0.0017328 -0.233721
0.0524823  -0.998617  0.00323934 -4.94936e-05 0.0259961  -0.998764  -0.0423613 0.0831896
-0.00513302  -0.00351353  -0.999981 1.05159 0.00063155  0.042392  -0.999101 1.0729
0 0 0 1 0 0 0 1
0.998596  -0.052915  -0.00230987 0.294365 0.999604  -0.0267285  0.00878677 -0.222923
-0.0529126  -0.998599  0.00106196 0.0631613 -0.0271061  -0.998569  0.0461089 -0.0201087
-0.00236283  -0.000938244  -0.999997 1.05144 0.00754177  -0.0463288  -0.998898 1.09147
0 0 0 1 0 0 0 1
0.99863  -0.0522314  0.00311074 0.126168 0.999656  -0.0259381  -0.0038194 -0.306787
-0.0522402  -0.998631  0.00282741 0.231051 -0.0257285  -0.998548  0.0473337 0.148106
0.0029588  -0.00298605  -0.999991 1.04991 -0.0050416  -0.0472191  -0.998872 0.944695
0 0 0 1 0 0 0 1
0.960859  0.234087  0.148168 -0.0163417 0.938402  -0.345391  -0.0103406 -0.337483
0.277039  -0.812454  -0.512999 -0.226723 -0.304483  -0.812368  -0.497342 -0.255538
0.00029284  0.533968  -0.845504 0.904678 0.163377  0.469855  -0.867493 0.887
0 0 0 1 0 0 0 1
0.941223  0.337615  -0.0107388 0.255734 0.855712  -0.420658  -0.301337 -0.0958402
0.224532  -0.649083  -0.726827 0.0851653 -0.51603  -0.650586  -0.557181 -0.222144
-0.252358  0.681695  -0.686737 0.936909 0.0383368  0.632285  -0.773787 0.857585
0 0 0 1 0 0 0 1
0.971406  -0.162172  0.173408 0.019026 0.961878  0.256517  0.0948185 -0.429613
-0.216038  -0.906691  0.36227 0.224651 0.205423  -0.90657  0.368689 0.21347
0.0984775  -0.389374  -0.9158 0.962293 0.180534  -0.335156  -0.924704 1.02665
0 0 0 1 0 0 0 1
0.986694  0.137789  0.0863125 0.169585 0.954317  -0.298791  0.00154295 -0.31951
0.161413  -0.893909  -0.418177 0.0369693 -0.279658  -0.895  -0.347515 -0.0883354
0.0195352  0.426545  -0.904255 1.0067 0.105215  0.331208  -0.937673 1.07245
0 0 0 1 0 0 0 1
0.881756  0.407741  0.237178 0.135171 0.945104  -0.325237  -0.0316207 -0.205601
0.46651  -0.679372  -0.566412 -0.134532 -0.256447  -0.678256  -0.688625 0.0869401
-0.0698177  0.610083  -0.789256 0.874733 0.20252  0.658931  -0.724428 0.935353
0 0 0 1 0 0 0 1
0.904352  0.426787  -0.000791574 0.266258 0.974481  -0.156759  -0.160667 -0.0340629
0.376145  -0.797915  -0.471005 -0.191851 -0.220829  -0.7979  -0.560883 -0.0273758
-0.201651  0.425657  -0.88213 0.941467 -0.0402728  0.58205  -0.812155 0.777747
0 0 0 1 0 0 0 1
0.897442  0.43491  0.0738274 0.216395 0.971523  -0.204421  -0.119811 -0.0656475
0.409283  -0.758468  -0.507163 -0.220233 -0.234467  -0.756474  -0.610551 -0.0361515
-0.164575  0.485366  -0.858682 0.901622 0.0341755  0.621256  -0.782862 0.804783
0 0 0 1 0 0 0 1
0.902377  0.399259  0.162197 0.260402 0.963492  -0.263105  -0.0495891 -0.0983176
0.422428  -0.745028  -0.516224 -0.205551 -0.235662  -0.745484  -0.623472 -0.00818277
-0.0852658  0.534346  -0.840955 0.874454 0.127071  0.612396  -0.780272 0.97576
0 0 0 1 0 0 0 1
0.919948  -0.363976  0.145661 0.155537 0.902443  0.398312  -0.164149 -0.208458
-0.361868  -0.645425  0.672665 -0.112156 0.402913  -0.645455  0.648883 -0.0694371
-0.150821  -0.671527  -0.725469 0.948902 0.152507  -0.651717  -0.742971 0.930974
0 0 0 1 0 0 0 1
0.877856  -0.460493  0.13159 0.234802 0.915783  0.338307  -0.216542 -0.0590122
-0.415807  -0.596493  0.686513 -0.029346 0.386775  -0.597236  0.702649 -0.0586029
-0.237642  -0.657375  -0.715111 0.902313 0.108384  -0.727226  -0.677787 0.845297
0 0 0 1 0 0 0 1
0.981203  -0.141413  0.131314 0.0477978 0.924519  0.381105  0.00477301 -0.420114
-0.189006  -0.841579  0.505986 -0.0641479 0.345007  -0.84214  0.414453 0.101518
0.038958  -0.521294  -0.852488 0.996059 0.16197  -0.381523  -0.910058 1.0247
0 0 0 1 0 0 0 1
0.924044  0.351372  0.150603 0.114478 0.949497  -0.307859  -0.0606505 -0.183235
0.374448  -0.752533  -0.54174 -0.216087 -0.282041  -0.752661  -0.59494 -0.118751
-0.0770184  0.556985  -0.826944 0.875921 0.137509  0.582  -0.801478 0.882482
0 0 0 1 0 0 0 1
0.913939  -0.343759  0.215743 0.0721473 0.949256  0.314503  0.000108633 -0.304906
-0.405514  -0.75182  0.519928 0.101793 0.248751  -0.751011  0.611642 -0.0633443
-0.0165305  -0.562669  -0.826517 0.924534 0.192445  -0.580578  -0.791135 0.952342
0 0 0 1 0 0 0 1
0.890924  -0.320091  0.322175 -0.00065146 0.889219  0.457473  -0.00274517 -0.411578
-0.454145  -0.623729  0.636172 0.00364481 0.323557  -0.624654  0.710717 -0.134417
-0.00268344  -0.713095  -0.701062 0.900371 0.323419  -0.632871  -0.703473 1.00269
0 0 0 1 0 0 0 1
0.866259  -0.445564  0.225984 0.0840774 0.9139  0.378794  -0.145951 -0.151354
-0.468048  -0.565598  0.678991 0.0790308 0.353347  -0.565314  0.745363 -0.0414182
-0.174718  -0.693954  -0.6985 0.846558 0.199831  -0.732759  -0.650486 0.803239
0 0 0 1 0 0 0 1
0.85142  -0.495802  0.171068 0.173868 0.956933  0.261289  -0.126519 -0.0843569
-0.490737  -0.637963  0.593448 0.124783 0.269574  -0.638023  0.721288 -0.109151
-0.185098  -0.589223  -0.786483 0.875795 0.107742  -0.724331  -0.680982 0.783234
0 0 0 1 0 0 0 1
0.959229  -0.170712  0.225251 0.0635356 0.961844  0.22646  0.153531 -0.495659
-0.23823  -0.917191  0.319385 0.00959708 0.157434  -0.917053  0.366371 -0.0745413
0.152075  -0.360025  -0.920465 1.00358 0.223764  -0.328221  -0.917715 1.14619
0 0 0 1 0 0 0 1
0.988054  -0.115042  -0.10254 0.262337 0.991625  0.0589832  -0.114894 -0.140131
-0.0991922  -0.983978  0.148152 0.176918 0.0770758  -0.984101  0.160016 0.154424
-0.11794  -0.136211  -0.983634 1.04327 -0.103629  -0.167532  -0.980405 0.881468
0 0 0 1 0 0 0 1
0.923801  -0.350871  0.153235 0.0377612 0.815703  0.511537  -0.270107 -0.25734
-0.322235  -0.496362  0.806095 -0.119899 0.537245  -0.496801  0.681584 0.106214
-0.206776  -0.794049  -0.571602 0.892282 0.214466  -0.701084  -0.680063 0.838258
0 0 0 1 0 0 0 1
0.895587  0.419118  0.14921 0.263319 0.972892  -0.225993  -0.04907 -0.13018
0.43509  -0.755139  -0.490369 -0.0979436 -0.206628  -0.754186  -0.623305 0.141571
-0.0928483  0.504088  -0.858647 0.930097 0.103855  0.616547  -0.780438 0.968816
0 0 0 1 0 0 0 1
0.935212  -0.311429  0.168495 -0.0237796 0.913293  0.397457  -0.0890141 -0.320563
-0.346039  -0.702958  0.621376 0.0552043 0.3651  -0.701995  0.611478 0.0743731
-0.0750694  -0.639424  -0.765181 0.917355 0.180549  -0.590957  -0.786239 0.840652
0 0 0 1 0 0 0 1
0.944317  -0.262795  0.197999 0.13628 0.969419  0.228074  0.090608 -0.364198
-0.320318  -0.871828  0.370557 0.0748857 0.161529  -0.87094  0.464083 -0.09258
0.0752403  -0.413346  -0.90746 0.97642 0.184759  -0.435255  -0.881146 1.09896
0 0 0 1 0 0 0 1
0.974908  -0.10474  -0.196425 0.350296 0.97685  -0.0991518  -0.189559 -0.0785386
-0.11288  -0.993135  -0.0306817 0.220923 -0.085008  -0.993053  0.0813618 0.0123634
-0.191863  0.0520843  -0.980039 1.07607 -0.196309  -0.0633643  -0.978493 0.819879
0 0 0 1 0 0 0 1
0.963347  -0.244553  0.110254 0.0202852 0.951278  0.305901  -0.0386707 -0.371476
-0.266938  -0.833184  0.484302 -0.107941 0.28741  -0.834301  0.470466 -0.0871579
-0.0265751  -0.495982  -0.867926 1.01493 0.111653  -0.458658  -0.881571 0.909146
0 0 0 1 0 0 0 1
0.928682  0.356746  0.101404 0.114294 0.926175  -0.346358  -0.149117 -0.149108
0.340351  -0.711139  -0.615177 -0.121643 -0.362769  -0.710411  -0.603088 -0.145393
-0.14735  0.605817  -0.78184 0.886192 0.10295  0.61266  -0.783613 0.818969
0 0 0 1 0 0 0 1
0.954082  0.283633  -0.0963308 0.228563 0.883637  -0.364467  -0.293852 -0.140577
0.162183  -0.759504  -0.62996 0.184336 -0.464612  -0.759928  -0.454583 -0.134135
-0.251841  0.585411  -0.77063 1.01547 -0.057626  0.538214  -0.840836 0.784189
0 0 0 1 0 0 0 1
0.890071  0.368377  0.268462 0.18615 0.961279  -0.258543  0.0953798 -0.313825
0.453242  -0.777815  -0.435403 -0.0812286 -0.14907  -0.778957  -0.609102 0.237967
0.0484219  0.509218  -0.859274 0.931396 0.231776  0.571299  -0.787336 1.10351
0 0 0 1 0 0 0 1
0.99372  0.0980877  0.0538513 0.179143 0.981828  -0.189254  0.0140354 -0.316713
0.109232  -0.954748  -0.27663 0.125206 -0.181023  -0.956186  -0.230087 0.0491262
0.0242805  0.280775  -0.959467 1.04438 0.0569654  0.223365  -0.973069 1.05689
0 0 0 1 0 0 0 1
0.896316  -0.374155  0.237961 0.115239 0.855655  0.483306  -0.185121 -0.235792
-0.413101  -0.509586  0.754765 -0.119498 0.447253  -0.510535  0.734383 -0.0846336
-0.161138  -0.77481  -0.611314 0.894657 0.260422  -0.711175  -0.653002 0.95488
0 0 0 1 0 0 0 1
0.896274  -0.381269  0.226555 -0.0567639 0.826338  0.508032  -0.243041 -0.287864
-0.394829  -0.453283  0.799152 -0.0626526 0.495769  -0.451482  0.741874 0.0451744
-0.201999  -0.80571  -0.556802 0.864421 0.267167  -0.733531  -0.624943 0.774454
0 0 0 1 0 0 0 1
0.930678  -0.326225  0.165577 0.0902672 0.878369  0.451209  -0.157728 -0.198274
-0.343568  -0.623871  0.701959 0.070799 0.43696  -0.624256  0.647588 0.169031
-0.125698  -0.710185  -0.692703 0.848723 0.193735  -0.637742  -0.745487 0.89148
0 0 0 1 0 0 0 1
0.889107  -0.305303  0.340998 0.0265348 0.921782  0.37069  0.113606 -0.452254
-0.447698  -0.735006  0.509247 0.133155 0.216566  -0.735336  0.642169 -0.111473
0.0951613  -0.605439  -0.790182 0.897908 0.321584  -0.567336  -0.758098 1.0742
0 0 0 1 0 0 0 1
0.965563  -0.176272  0.191352 0.0589449 0.962124  0.251482  0.105236 -0.488664
-0.235934  -0.903235  0.358472 -0.205639 0.19391  -0.902647  0.384222 -0.250497
0.109647  -0.391274  -0.913719 1.04182 0.191616  -0.349263  -0.917223 1.11317
0 0 0 1 0 0 0 1
0.918565  -0.37427  0.127123 0.0979478 0.83604  0.476343  -0.272275 -0.207763
-0.323297  -0.526356  0.786402 -0.136756 0.518658  -0.524265  0.675381 0.0686403
-0.227414  -0.76346  -0.604493 0.911631 0.178969  -0.705864  -0.685366 0.844534
0 0 0 1 0 0 0 1
0.972525  0.228121  -0.0464216 0.336661 0.920572  -0.338434  -0.194963 -0.137646
0.166369  -0.820542  -0.546838 0.197453 -0.390155  -0.819925  -0.41893 -0.0383262
-0.162836  0.524091  -0.835951 1.03723 -0.0180745  0.461721  -0.886841 0.993112
0 0 0 1 0 0 0 1
0.92463  -0.315812  0.212891 0.0392864 0.944755  0.327578  0.01141 -0.328713
-0.380863  -0.764143  0.520605 0.140957 0.257817  -0.764154  0.591269 0.011389
-0.00173368  -0.562449  -0.82683 0.91491 0.202406  -0.555663  -0.806393 0.946322
0 0 0 1 0 0 0 1
0.981066  -0.178668  0.0747523 0.0411774 0.982173  0.187595  0.0120493 -0.363687
-0.193214  -0.929518  0.31411 0.0134734 0.173865  -0.930918  0.321191 -0.00681333
0.0133621  -0.322606  -0.946439 1.02119 0.0714706  -0.31337  -0.946938 0.925946
0 0 0 1 0 0 0 1
0.985437  0.0387187  0.165573 0.105732 0.981056  -0.106395  0.161894 -0.488484
0.0611223  -0.989305  -0.132434 0.251891 -0.087645  -0.989035  -0.118865 0.224011
0.158674  0.140626  -0.977265 1.0464 0.172765  0.102424  -0.979623 1.1804
0 0 0 1 0 0 0 1
0.919036  0.33794  0.2029 0.15688 0.98247  0.0244015  0.184817 -0.454779
0.363277  -0.925941  -0.103261 -0.188166 0.0913377  -0.927256  -0.363117 0.290894
0.152978  0.16861  -0.973739 1.01021 0.162512  0.373633  -0.91323 1.13316
0 0 0 1 0 0 0 1
0.922476  -0.319179  0.217169 0.140916 0.981427  0.14314  0.127719 -0.387883
-0.373471  -0.880271  0.292647 0.101209 0.0669616  -0.879508  0.471149 -0.222746
0.0977607  -0.351067  -0.931233 0.984007 0.179771  -0.453846  -0.872758 1.09614
0 0 0 1 0 0 0 1
0.937823  -0.347038  0.00729544 0.257037 0.892078  0.373397  -0.254501 -0.123179
-0.262139  -0.694306  0.67024 -0.167713 0.450615  -0.692948  0.562822 0.0311107
-0.227533  -0.630479  -0.742108 0.987821 0.0338001  -0.616763  -0.786423 0.886388
0 0 0 1 0 0 0 1
0.994349  -0.105858  0.00803867 0.261599 0.999281  -0.0371938  0.00737106 -0.244822
-0.10599  -0.994198  0.0183169 -0.114741 -0.0377354  -0.994529  0.0974022 -0.266169
0.00605305  -0.0190654  -0.9998 1.04828 0.00370798  -0.0976103  -0.995218 1.06639
0 0 0 1 0 0 0 1
0.880927  0.389785  0.268393 -0.0216415 0.912678  -0.403421  -0.0653395 -0.280264
0.465515  -0.611576  -0.639742 -0.145269 -0.321808  -0.610881  -0.72337 0.00665923
-0.0852192  0.688507  -0.720205 0.846675 0.251908  0.681231  -0.687362 0.828688
0 0 0 1 0 0 0 1
0.952676  -0.300637  -0.0450033 0.286503 0.908881  0.339992  -0.241538 -0.0681992
-0.213807  -0.767912  0.603819 0.00398463 0.416595  -0.767329  0.487498 0.216404
-0.216089  -0.565622  -0.79585 0.95832 -0.019594  -0.543701  -0.83905 0.861098
0 0 0 1 0 0 0 1
0.906656  0.411957  0.0909225 0.141653 0.970627  -0.218265  -0.101208 -0.159314
0.39916  -0.767926  -0.50096 -0.108719 -0.234797  -0.767633  -0.596331 0.0638231
-0.136552  0.490491  -0.860681 0.943022 0.0524675  0.602578  -0.796333 0.805398
0 0 0 1 0 0 0 1
0.963188  -0.197292  0.182605 0.0490166 0.978904  0.168766  0.115171 -0.445564
-0.242856  -0.929872  0.27633 0.119182 0.119028  -0.929191  0.349908 -0.0133652
0.115282  -0.310504  -0.943556 1.0007 0.166069  -0.328818  -0.929677 1.06031
0 0 0 1 0 0 0 1
0.885962  0.376208  0.271181 0.102227 0.891247  -0.442878  -0.0976612 -0.190036
0.452513  -0.573289  -0.68306 -0.106234 -0.365606  -0.574209  -0.732541 -0.0149533
-0.101507  0.727878  -0.678151 0.807534 0.268348  0.688581  -0.673681 0.9319
0 0 0 1 0 0 0 1
0.879275  -0.351503  0.321435 -0.0104853 0.87918  0.47276  -0.0595065 -0.373965
-0.472811  -0.562412  0.678338 -0.0274756 0.352358  -0.560982  0.749095 -0.153066
-0.057659  -0.748424  -0.660709 0.893005 0.32076  -0.679557  -0.659785 0.946608
0 0 0 1 0 0 0 1
0.938657  0.282462  0.197835 0.0906197 0.972463  -0.216678  0.0858257 -0.357034
0.338151  -0.866438  -0.36734 -0.208258 -0.151023  -0.866359  -0.47604 -0.0116973
0.067652  0.411705  -0.908803 0.95126 0.177503  0.44997  -0.875226 1.03061
0 0 0 1 0 0 0 1
0.936556  0.284018  0.205417 0.0511048 0.9186  -0.394249  -0.0272441 -0.285913
0.350159  -0.731607  -0.584927 -0.179857 -0.331634  -0.731541  -0.595706 -0.159637
-0.0158454  0.619746  -0.784643 0.863482 0.214927  0.556251  -0.80274 0.949843
0 0 0 1 0 0 0 1
0.949145  -0.279981  0.143996 0.0731907 0.931778  0.358738  -0.0556432 -0.25122
-0.311527  -0.769  0.558202 0.169978 0.32853  -0.768054  0.549692 0.188322
-0.0455526  -0.574673  -0.817114 0.892018 0.154458  -0.530471  -0.833512 0.913989
0 0 0 1 0 0 0 1
0.99337  0.11486  0.00484699 0.260331 0.990245  -0.137393  -0.0231898 -0.196526
0.113005  -0.967842  -0.224748 -0.248175 -0.139193  -0.967863  -0.209446 -0.275802
-0.0211234  0.223806  -0.974405 1.00671 0.0063319  0.21063  -0.977545 1.03451
0 0 0 1 0 0 0 1
0.954274  -0.282522  0.0976891 0.0920376 0.9527  0.297906  -0.0601208 -0.255581
-0.292678  -0.816498  0.497665 0.0872557 0.286729  -0.815496  0.502745 0.0812787
-0.0608381  -0.5035  -0.861851 0.952575 0.100743  -0.496204  -0.862341 0.899059
0 0 0 1 0 0 0 1
0.888825  -0.386336  0.246442 0.0242608 0.835527  0.502565  -0.222086 -0.274632
-0.415665  -0.453326  0.788491 -0.130588 0.474325  -0.45573  0.753211 -0.0691585
-0.192904  -0.803268  -0.563514 0.891252 0.277326  -0.734669  -0.619154 0.868219
0 0 0 1 0 0 0 1
0.975813  0.216843  -0.0277238 0.106349 0.944312  -0.294801  -0.146176 -0.234846
0.176783  -0.857346  -0.483431 0.0714233 -0.328918  -0.858323  -0.393819 -0.0880875
-0.128598  0.466837  -0.874943 1.01106 -0.00936776  0.419968  -0.907491 0.809115
0 0 0 1 0 0 0 1
0.938479  -0.344257  -0.0272895 0.295444 0.982357  0.133623  -0.13084 -0.0860877
-0.308256  -0.870713  0.383195 0.0736377 0.179632  -0.868824  0.461386 -0.0612078
-0.155679  -0.351208  -0.923264 1.00222 -0.0520247  -0.476749  -0.877498 0.873743
0 0 0 1 0 0 0 1
0.883463  -0.348281  0.313358 0.0656523 0.912593  0.408603  0.0147324 -0.343535
-0.468484  -0.65102  0.59724 0.0516274 0.281108  -0.65319  0.70308 -0.146541
-0.00400537  -0.674442  -0.738317 0.886185 0.296904  -0.637485  -0.710958 1.01665
0 0 0 1 0 0 0 1
0.999997  0.000464449  -0.00253388 0.200114 0.999414  -0.034234  0.000702911 -0.264081
0.000360552  -0.999165  -0.0408509 -0.179261 -0.0342137  -0.999222  -0.0196144 -0.215804
-0.00255073  0.0408499  -0.999162 1.04547 0.00137384  0.0195789  -0.999807 1.00898
0 0 0 1 0 0 0 1
0.951901  0.236993  0.194214 0.018043 0.948022  -0.31374  0.0531244 -0.407167
0.301839  -0.834311  -0.461323 -0.10643 -0.248589  -0.834441  -0.491846 -0.0510355
0.0527047  0.497755  -0.865715 0.954052 0.198641  0.453074  -0.86906 1.00084
0 0 0 1 0 0 0 1
0.887665  -0.460081  0.0194042 0.236795 0.89632  0.31856  -0.308431 0.00667477
-0.33799  -0.62233  0.706023 0.0238216 0.443186  -0.621626  0.645885 0.135138
-0.312752  -0.63327  -0.707923 0.889838 0.0140241  -0.715612  -0.698358 0.709343
0 0 0 1 0 0 0 1
0.972002  -0.201849  0.120286 0.198095 0.954723  0.297436  0.00595596 -0.315996
-0.234537  -0.86458  0.444403 -0.131774 0.266344  -0.863497  0.428292 -0.0996126
0.0142941  -0.460172  -0.887715 1.01512 0.132532  -0.407314  -0.903621 1.11369
0 0 0 1 0 0 0 1
0.929534  -0.348335  0.12095 0.0627272 0.970941  0.235462  -0.0427841 -0.26539
-0.363367  -0.809548  0.461082 0.10679 0.220038  -0.808039  0.546494 -0.0455608
-0.0626961  -0.472541  -0.879076 0.95855 0.0941074  -0.540028  -0.836369 0.846861
0 0 0 1 0 0 0 1
0.988084  -0.0739293  0.134998 0.0394255 0.987503  0.101898  0.12023 -0.450886
-0.0938923  -0.984509  0.148072 0.235969 0.0825884  -0.984314  0.155899 0.224632
0.12196  -0.158983  -0.979719 1.019 0.13423  -0.144021  -0.980429 1.0509
0 0 0 1 0 0 0 1
0.970833  -0.217824  -0.100179 0.323941 0.991367  -0.0900455  -0.0953106 -0.139088
-0.214558  -0.975789  0.0424275 0.238356 -0.0684137  -0.975336  0.209857 -0.0610674
-0.106995  -0.0196959  -0.994064 1.05715 -0.111856  -0.201524  -0.973076 0.921076
0 0 0 1 0 0 0 1
0.945223  -0.314704  0.0866906 0.148165 0.907325  0.387994  -0.161932 -0.215638
-0.294896  -0.709386  0.640162 -0.0892739 0.406172  -0.709473  0.57591 0.0271596
-0.139965  -0.630661  -0.763333 0.960674 0.108563  -0.58831  -0.801315 0.911365
0 0 0 1 0 0 0 1
0.875528  0.396525  0.276076 0.137107 0.88055  -0.45372  -0.137006 -0.19639
0.462652  -0.523294  -0.715623 0.0316832 -0.38783  -0.523619  -0.758558 0.1106
-0.139294  0.754276  -0.641612 0.855424 0.272434  0.721083  -0.637039 0.959926
0 0 0 1 0 0 0 1
0.946791  -0.316065  0.0607489 0.00191132 0.835748  0.478258  -0.269804 -0.287443
-0.249298  -0.6008  0.759533 -0.147169 0.535112  -0.599102  0.595593 0.15453
-0.203564  -0.734263  -0.647626 0.94263 0.123207  -0.642141  -0.756621 0.758904
0 0 0 1 0 0 0 1
0.919482  0.344871  0.188725 0.114921 0.924366  -0.373689  -0.0768374 -0.293279
0.385537  -0.697112  -0.60448 0.127088 -0.333687  -0.694304  -0.637648 0.182383
-0.0769055  0.628569  -0.773942 0.971165 0.184933  0.61506  -0.766486 0.978636
0 0 0 1 0 0 0 1
0.974307  0.223476  0.0280065 0.06278 0.991755  -0.125897  -0.0239122 -0.312217
0.222503  -0.935793  -0.273466 0.0131348 -0.126666  -0.934773  -0.331898 0.114684
-0.0349048  0.272671  -0.961474 1.03179 0.0194325  0.33219  -0.943012 0.861578
0 0 0 1 0 0 0 1
0.905796  -0.397952  0.145494 -0.00843923 0.919269  0.361457  -0.155864 -0.259983
-0.39045  -0.650566  0.651393 -0.0322267 0.368416  -0.65062  0.664051 -0.0553577
-0.16457  -0.646837  -0.74466 0.937208 0.138618  -0.667864  -0.731261 0.746742
0 0 0 1 0 0 0 1
0.894892  -0.4432  0.0523741 0.121818 0.920043  0.305562  -0.24526 -0.0634179
-0.364157  -0.657322  0.659786 0.0912687 0.390138  -0.656545  0.645555 0.118848
-0.25799  -0.609509  -0.749626 0.880783 0.0362326  -0.689623  -0.723261 0.663771
0 0 0 1 0 0 0 1
0.929193  -0.350854  0.116193 0.033675 0.938691  0.325863  -0.112569 -0.204182
-0.350389  -0.736222  0.578968 0.172282 0.326682  -0.736382  0.59247 0.147434
-0.117589  -0.578686  -0.807028 0.885815 0.11017  -0.592921  -0.797689 0.775223
0 0 0 1 0 0 0 1
0.973488  -0.209068  0.0928004 0.236329 0.996823  -0.00200652  0.079624 -0.313485
-0.217981  -0.970882  0.0993633 -0.0492977 -0.020691  -0.971886  0.234542 -0.300374
0.0693245  -0.116958  -0.990714 1.03488 0.0769148  -0.235445  -0.968839 1.12414
0 0 0 1 0 0 0 1
0.916652  0.349417  0.194052 0.0688169 0.889041  -0.436115  -0.139315 -0.301986
0.380812  -0.616091  -0.689503 0.154434 -0.407568  -0.615297  -0.674758 0.125724
-0.121371  0.705932  -0.697803 0.956392 0.208552  0.656668  -0.724771 0.930871
0 0 0 1 0 0 0 1
0.976815  0.186326  0.105424 0.115903 0.99278  -0.0865973  0.0829958 -0.37935
0.203718  -0.960374  -0.190211 0.0208994 -0.0613691  -0.961225  -0.26885 0.169473
0.0658055  0.207278  -0.976066 1.03231 0.103059  0.261816  -0.959599 1.05102
0 0 0 1 0 0 0 1
0.921421  -0.376529  0.0959623 0.259696 0.96911  0.232384  -0.0826046 -0.131536
-0.372809  -0.787059  0.49148 0.047839 0.237305  -0.787391  0.568947 -0.0936289
-0.109529  -0.488635  -0.865586 0.956938 0.0671722  -0.570975  -0.818215 0.956765
0 0 0 1 0 0 0 1
0.944664  0.300529  0.131499 0.214148 0.960155  -0.278102  -0.0276012 -0.220614
0.326037  -0.81595  -0.477415 -0.0285745 -0.251218  -0.815608  -0.521223 0.0485444
-0.0361803  0.493871  -0.868782 0.961861 0.122441  0.507389  -0.852974 1.03623
0 0 0 1 0 0 0 1
0.9792  0.186372  -0.0802048 0.291237 0.966802  -0.207854  -0.148629 -0.101586
0.144888  -0.919018  -0.366624 -0.0969213 -0.245008  -0.919223  -0.308221 -0.202125
-0.142038  0.347378  -0.926905 1.00781 -0.0725585  0.334404  -0.939632 0.896849
0 0 0 1 0 0 0 1
0.919668  -0.340551  0.195537 0.217793 0.980403  0.179147  0.0819566 -0.276557
-0.390153  -0.848956  0.356447 0.160152 0.111673  -0.848092  0.517947 -0.132896
0.0446142  -0.404103  -0.913625 0.948487 0.162296  -0.498644  -0.851478 1.09592
0 0 0 1 0 0 0 1
0.926827  -0.369159  0.0686496 0.259343 0.896825  0.379762  -0.226905 -0.0522459
-0.313921  -0.661486  0.681094 0.0379533 0.434659  -0.660979  0.611701 0.166584
-0.206021  -0.652808  -0.72897 0.885209 0.0823214  -0.647215  -0.75785 0.889977
0 0 0 1 0 0 0 1
0.910783  0.384176  0.151272 0.144706 0.906343  -0.388684  -0.165735 -0.090492
0.379139  -0.633112  -0.67485 -0.150883 -0.393652  -0.634162  -0.66549 -0.166017
-0.163489  0.671995  -0.722284 0.815238 0.153562  0.668404  -0.727774 0.842151
0 0 0 1 0 0 0 1
0.874304  -0.333104  0.353035 -0.00957636 0.828363  0.548043  -0.116031 -0.395398
-0.476998  -0.455084  0.751912 -0.122407 0.411704  -0.45513  0.789529 -0.191905
-0.0898042  -0.825796  -0.556772 0.885076 0.379887  -0.701787  -0.602645 0.984359
0 0 0 1 0 0 0 1
0.918104  -0.266319  0.29353 0.0666562 0.934969  0.333387  0.121188 -0.489663
-0.380389  -0.800079  0.463873 -0.0866657 0.212892  -0.800631  0.56006 -0.262793
0.111309  -0.537539  -0.83586 0.982191 0.283744  -0.497839  -0.81954 1.1455
0 0 0 1 0 0 0 1
0.912777  0.355372  0.201368 0.235513 0.987261  -0.114252  0.110738 -0.319565
0.40166  -0.870499  -0.284429 -0.0761925 -0.0470462  -0.87447  -0.482792 0.299984
0.0742124  0.340502  -0.937311 0.979749 0.151997  0.471432  -0.868705 1.13473
0 0 0 1 0 0 0 1
0.917911  -0.395633  -0.0302423 0.191997 0.930923  0.264069  -0.252289 -0.0555067
-0.301736  -0.74549  0.594307 0.0537559 0.36288  -0.746798  0.557325 0.117921
-0.257673  -0.536395  -0.80367 0.938045 -0.0412368  -0.610378  -0.791037 0.694749
0 0 0 1 0 0 0 1
0.899358  0.337634  0.277775 0.112014 0.968478  -0.17703  0.175247 -0.431978
0.417485  -0.851876  -0.31625 -0.1882 -0.0612455  -0.851148  -0.52134 0.185328
0.129853  0.400389  -0.907098 0.950826 0.241454  0.494173  -0.83516 1.11349
0 0 0 1 0 0 0 1
0.950526  -0.301829  -0.0734806 0.288861 0.94586  0.242063  -0.216229 -0.0722987
-0.227818  -0.838113  0.495647 -0.0309123 0.316149  -0.837907  0.444928 0.0625685
-0.211186  -0.454385  -0.86541 1.00483 -0.073479  -0.4892  -0.869071 0.82862
0 0 0 1 0 0 0 1
