0.962489  0.253465  0.0968037 0.0598905 0.954148  -0.29685  -0.0384978 -0.261271
0.268408  -0.837337  -0.47626 -0.229751 -0.27981  -0.838814  -0.467008 -0.241751
-0.0396582  0.484378  -0.873959 0.919333 0.106339  0.456367  -0.883415 0.884378
0 0 0 1 0 0 0 1
0.997659  0.0655291  -0.0195719 0.23208 0.98379  -0.170555  -0.0553948 -0.255312
0.0582377  -0.964067  -0.259199 0.249148 -0.177769  -0.968163  -0.176232 0.122008
-0.0358536  0.257452  -0.965626 1.07224 -0.023574  0.183223  -0.982789 1.01392
0 0 0 1 0 0 0 1
0.976591  0.155085  0.149061 0.0362737 0.926161  -0.376611  0.0197397 -0.420599
0.209305  -0.844951  -0.492188 -0.00502758 -0.330811  -0.836435  -0.436967 -0.135576
0.0496185  0.511865  -0.857632 0.98136 0.181078  0.398172  -0.899261 1.02328
0 0 0 1 0 0 0 1
0.968401  0.242363  0.0588195 0.189217 0.90051  -0.410627  -0.143066 -0.232722
0.226718  -0.75723  -0.612538 0.105163 -0.422979  -0.750881  -0.507214 -0.103147
-0.103917  0.606517  -0.78825 0.975094 0.10085  0.517265  -0.849862 0.976198
0 0 0 1 0 0 0 1
0.950013  -0.312159  0.00576223 0.291096 0.928941  0.317573  -0.190307 -0.128943
-0.25988  -0.780413  0.568698 -0.160198 0.369969  -0.776999  0.509309 -0.0334889
-0.173027  -0.541768  -0.822526 1.01833 0.0138748  -0.543526  -0.839278 0.940852
0 0 0 1 0 0 0 1
0.976351  0.213688  -0.0328084 0.237502 0.988242  -0.122939  -0.0909012 -0.145561
0.195551  -0.937615  -0.287468 -0.24542 -0.145292  -0.940254  -0.307918 -0.193199
-0.0921902  0.274254  -0.957228 0.999337 -0.0476152  0.317505  -0.94706 0.90206
0 0 0 1 0 0 0 1
0.941254  -0.333008  0.0560967 0.0760306 0.906379  0.373932  -0.196602 -0.240488
-0.288397  -0.706243  0.646566 -0.130322 0.415689  -0.706365  0.572932 0.00442673
-0.175694  -0.624761  -0.760793 0.982488 0.0753645  -0.601018  -0.795674 0.802643
0 0 0 1 0 0 0 1
0.863815  -0.375834  0.335518 0.0435296 0.833033  0.525663  -0.172438 -0.293573
-0.480995  -0.417079  0.771161 -0.115635 0.428227  -0.415352  0.802561 -0.169451
-0.149891  -0.827523  -0.541053 0.866147 0.350254  -0.742402  -0.571105 0.946126
0 0 0 1 0 0 0 1
0.948635  -0.2978  -0.1068 0.248934 0.894545  0.333591  -0.297501 -0.119318
-0.174542  -0.774193  0.608408 -0.189422 0.440361  -0.771843  0.45863 0.0901341
-0.263868  -0.558516  -0.786405 1.02589 -0.0766291  -0.541273  -0.837348 0.773879
0 0 0 1 0 0 0 1
0.880941  -0.420082  0.217883 0.112571 0.842194  0.473467  -0.257952 -0.148248
-0.409737  -0.446737  0.795325 -0.0656166 0.482418  -0.448044  0.752681 0.0136372
-0.236766  -0.789909  -0.565672 0.846763 0.240796  -0.758344  -0.605749 0.853372
0 0 0 1 0 0 0 1
0.973075  -0.214029  0.0855397 0.0362553 0.915876  0.392691  -0.0834557 -0.378086
-0.223804  -0.788636  0.572683 -0.181043 0.382487  -0.790373  0.478555 -0.022183
-0.0551111  -0.576407  -0.815302 1.02089 0.121963  -0.470217  -0.874083 0.930911
0 0 0 1 0 0 0 1
0.835627  0.467436  0.288498 0.188533 0.953361  -0.301826  -0.00189046 -0.149401
0.544123  -0.632478  -0.551273 -0.189127 -0.202771  -0.635817  -0.744728 0.174817
-0.0752164  0.617637  -0.782858 0.825918 0.223576  0.710378  -0.667365 0.933243
0 0 0 1 0 0 0 1
0.969553  -0.219632  0.108301 0.0843988 0.896645  0.431364  -0.0997677 -0.333469
-0.238552  -0.747196  0.620315 -0.0866072 0.417155  -0.747577  0.516828 0.102456
-0.0553187  -0.627263  -0.77684 0.97272 0.148357  -0.505029  -0.850256 0.97413
0 0 0 1 0 0 0 1
0.958698  0.266728  0.0987667 0.139645 0.94299  -0.326325  -0.0654361 -0.261548
0.277857  -0.804068  -0.525615 -0.00072272 -0.313484  -0.804825  -0.503968 -0.0394162
-0.0607811  0.531349  -0.84497 0.972281 0.111793  0.49575  -0.86124 0.969662
0 0 0 1 0 0 0 1
0.891127  -0.442831  0.0989595 0.12162 0.947339  0.274204  -0.165412 -0.0952156
-0.408923  -0.68923  0.598117 0.15414 0.313981  -0.693768  0.648152 0.0572444
-0.196659  -0.573465  -0.795275 0.883602 0.0629685  -0.665956  -0.743329 0.725265
0 0 0 1 0 0 0 1
0.979666  0.15809  -0.123543 0.352334 0.957064  -0.229731  -0.176785 -0.119956
0.100619  -0.919838  -0.379175 0.252359 -0.274238  -0.915175  -0.295379 0.0710708
-0.173583  0.359034  -0.917041 1.07885 -0.0939314  0.331178  -0.938881 0.940036
0 0 0 1 0 0 0 1
0.960098  0.279086  0.0179744 0.178134 0.931056  -0.331408  -0.152652 -0.14621
0.241248  -0.793989  -0.558015 -0.0927247 -0.362612  -0.79389  -0.488109 -0.219963
-0.141463  0.540086  -0.829636 0.935 0.0405747  0.509811  -0.859329 0.865689
0 0 0 1 0 0 0 1
0.961461  -0.269135  -0.0562116 0.246432 0.968831  0.187254  -0.16218 -0.0874382
-0.224209  -0.88582  0.406266 0.169224 0.2383  -0.883333  0.403654 0.184027
-0.159134  -0.378006  -0.912024 0.978159 -0.067673  -0.42972  -0.900423 0.820141
0 0 0 1 0 0 0 1
0.961198  -0.228073  0.155184 0.0511442 0.942071  0.335161  0.0130351 -0.361399
-0.27545  -0.824185  0.494819 0.0752308 0.285703  -0.822202  0.492298 0.0823659
0.0150451  -0.518365  -0.855027 0.956845 0.175717  -0.460055  -0.870329 0.98925
0 0 0 1 0 0 0 1
0.953433  0.280709  0.110309 0.00407607 0.864967  -0.469996  -0.175884 -0.312387
0.273178  -0.648728  -0.7103 0.0543346 -0.473934  -0.649847  -0.594209 -0.154888
-0.127827  0.707357  -0.695202 0.925215 0.164978  0.597329  -0.784844 0.84266
0 0 0 1 0 0 0 1
0.918863  0.383017  0.0948046 0.230736 0.898471  -0.384603  -0.211731 -0.0468123
0.338124  -0.640493  -0.689523 -0.0905117 -0.424857  -0.64011  -0.640121 -0.182183
-0.203377  0.665633  -0.718033 0.852671 0.110661  0.665086  -0.738522 0.870064
0 0 0 1 0 0 0 1
0.835866  0.429676  0.341624 0.198317 0.911828  -0.408  -0.0458866 -0.163679
0.542132  -0.548498  -0.636587 -0.0553566 -0.283974  -0.546  -0.78819 0.217608
-0.086146  0.717306  -0.691412 0.814004 0.296528  0.731724  -0.613719 1.00774
0 0 0 1 0 0 0 1
0.916089  -0.385831  0.109156 0.189059 0.989011  0.146815  -0.0174084 -0.194033
-0.396666  -0.832219  0.387386 0.193886 0.132836  -0.83075  0.540563 -0.0848814
-0.0586241  -0.398178  -0.915433 0.956219 0.0649006  -0.536935  -0.841123 0.914049
0 0 0 1 0 0 0 1
0.998261  -0.0550038  -0.0212023 0.210102 0.999619  -0.0275752  0.000966029 -0.263875
-0.055373  -0.998317  -0.017238 0.189781 -0.0275893  -0.998404  0.0492718 0.105395
-0.0202185  0.018382  -0.999627 1.05397 -0.000394193  -0.0492797  -0.998785 1.01449
0 0 0 1 0 0 0 1
0.998665  -0.05149  0.00408809 0.295468 0.999597  -0.0283226  0.00184282 -0.222436
-0.0514708  -0.998664  -0.00468254 0.189099 -0.0283698  -0.998983  0.0350554 0.105322
0.00432373  0.00446588  -0.999981 1.05235 0.000848091  -0.0350935  -0.999384 1.08774
0 0 0 1 0 0 0 1
0.998597  -0.0520611  0.00972012 0.0843179 0.999734  -0.0229695  -0.00192638 -0.327365
-0.0521968  -0.998535  0.0142688 0.189759 -0.0228202  -0.998074  0.05768 0.106394
0.00896303  -0.0147562  -0.999851 1.0481 -0.00324754  -0.0576207  -0.998333 0.907412
0 0 0 1 0 0 0 1
0.998307  -0.0581599  5.21255e-05 0.252719 0.999659  -0.025336  0.00624377 -0.244522
-0.0581594  -0.998301  -0.0034513 0.231804 -0.025547  -0.99901  0.0364148 0.148211
0.000252764  0.00344243  -0.999994 1.05266 0.00531498  -0.0365619  -0.999317 1.05865
0 0 0 1 0 0 0 1
0.998642  0.0518179  0.00542054 0.273827 0.999602  0.0279614  -0.00384328 -0.234527
0.051772  -0.998624  0.00829934 -0.0840083 0.0277568  -0.998569  -0.0457081 -0.000870861
0.00584313  -0.00800744  -0.999951 1.05343 -0.00511585  0.0455833  -0.998947 1.07449
0 0 0 1 0 0 0 1
0.99842  -0.0536479  -0.0166906 0.168321 0.999587  -0.0195741  0.0210454 -0.286755
-0.0537608  -0.998533  -0.00639131 0.146762 -0.0207133  -0.998252  0.0553508 0.0645922
-0.0163232  0.00727851  -0.99984 1.05612 0.0199251  -0.0557638  -0.998245 0.983765
0 0 0 1 0 0 0 1
0.998415  -0.0529593  -0.0190383 0.083944 0.999591  -0.0283442  0.00387495 -0.327884
-0.0526721  -0.998495  0.0152844 0.105011 -0.0284919  -0.998547  0.0457429 0.0226307
-0.0198191  -0.0142574  -0.999702 1.05326 0.00257277  -0.0458345  -0.998946 0.908348
0 0 0 1 0 0 0 1
0.998415  0.0536515  0.0170293 0.105192 0.999686  0.02506  -0.000708254 -0.3181
0.0537128  -0.998551  -0.00316273 0.0839882 0.0250106  -0.998862  -0.0406122 0.167102
0.0168349  0.00407241  -0.99985 1.04953 -0.00172519  0.0405817  -0.999175 0.926966
0 0 0 1 0 0 0 1
0.99845  0.0537082  0.0145961 0.146792 0.999623  0.0274357  -0.000398502 -0.296161
0.0536604  -0.998553  0.0036504 0.125994 0.0274053  -0.99902  -0.0347511 0.209434
0.014771  -0.00286151  -0.999887 1.04747 -0.00135153  0.0347271  -0.999396 0.960578
0 0 0 1 0 0 0 1
0.998568  0.0494895  0.0203304 0.189074 0.99941  0.0296267  0.0173908 -0.27631
0.0491405  -0.998642  0.0173228 0.000760995 0.0302967  -0.998755  -0.0396184 0.0836541
0.0211601  -0.0162989  -0.999643 1.04938 0.0161954  0.0401219  -0.999064 1.00335
0 0 0 1 0 0 0 1
0.998709  -0.0498703  0.00967124 0.210113 0.999604  -0.026529  0.00937368 -0.265938
-0.0497984  -0.998731  -0.00754591 0.104228 -0.0270606  -0.997705  0.0620708 0.0220213
0.0100353  0.00705455  -0.999925 1.04906 0.00770549  -0.0622998  -0.998028 1.02104
0 0 0 1 0 0 0 1
0.99851  0.05363  0.0101219 0.188829 0.999507  0.0302612  0.00834431 -0.275047
0.053555  -0.998536  0.00753931 0.168329 0.0305043  -0.999062  -0.0307363 0.251871
0.0105114  -0.00698599  -0.99992 1.05126 0.00740637  0.0309757  -0.999493 0.999966
0 0 0 1 0 0 0 1
0.998526  0.0536351  0.00827193 0.18939 0.999678  0.0253724  0.000840653 -0.275159
0.0536597  -0.998555  -0.00277284 0.0844878 0.0253718  -0.997443  -0.0668071 0.167134
0.00811126  0.00321262  -0.999962 1.05096 -0.00085655  0.0668069  -0.997766 1.00085
0 0 0 1 0 0 0 1
0.998777  0.0481349  0.011325 0.272395 0.999648  0.0265425  0.000112409 -0.233396
0.0481052  -0.998838  0.00288234 -0.209612 0.0265217  -0.998676  -0.044071 -0.127279
0.0114506  -0.00233402  -0.999932 1.04822 -0.0010575  0.0440584  -0.999028 1.0726
0 0 0 1 0 0 0 1
0.998513  -0.0544816  0.00175287 0.0841428 0.999464  -0.0275444  0.0176887 -0.328747
-0.0544676  -0.998489  -0.00725567 -0.0634719 -0.0282642  -0.998725  0.0418244 -0.146578
0.00214552  0.00714941  -0.999972 1.05145 0.0165141  -0.042302  -0.998968 0.912489
0 0 0 1 0 0 0 1
0.998635  -0.0521735  0.00265687 0.126211 0.999418  -0.0251954  0.0229821 -0.307546
-0.0521874  -0.998622  0.0054514 -0.0215831 -0.0261364  -0.998792  0.0416106 -0.104138
0.00236879  -0.00558261  -0.999982 1.05279 0.021906  -0.0421871  -0.99887 0.947869
0 0 0 1 0 0 0 1
0.998625  0.0521114  0.00573557 0.0631102 0.999601  0.0279653  -0.00396178 -0.338758
0.0520281  -0.99855  0.0138205 0.0417579 0.0277817  -0.998789  -0.0405989 0.125214
0.00644746  -0.0135031  -0.999888 1.04914 -0.00509234  0.0404726  -0.999168 0.891593
0 0 0 1 0 0 0 1
0.998598  0.0529053  0.00148735 0.146799 0.999598  0.0268578  0.00910374 -0.296176
0.0529027  -0.998598  0.00178239 0.0422944 0.0272639  -0.998481  -0.0478756 0.12479
0.00157957  -0.0017012  -0.999997 1.0513 0.00780408  0.0481046  -0.998812 0.963067
0 0 0 1 0 0 0 1
0.998425  0.0509892  0.0234185 0.146872 0.999692  0.0247597  -0.00178067 -0.296545
0.0509633  -0.998699  0.00170073 -0.041844 0.0246502  -0.998614  -0.0465055 0.0413874
0.0234747  -0.000504563  -0.999724 1.04767 -0.00292966  0.0464473  -0.998916 0.963505
0 0 0 1 0 0 0 1
0.998212  -0.0552019  0.0229161 0.126307 0.999597  -0.0275407  0.00682905 -0.308066
-0.0557164  -0.998194  0.0224544 -0.104357 -0.0278299  -0.998523  0.0466656 -0.188415
0.0216352  -0.0236911  -0.999485 1.04921 0.00553376  -0.0468369  -0.998887 0.947558
0 0 0 1 0 0 0 1
0.9985  0.0520258  0.0170423 0.105677 0.999666  0.0255557  0.00380007 -0.317495
0.0519567  -0.998639  0.00447192 2.35927e-05 0.0257276  -0.998121  -0.0556041 0.0826763
0.0172518  -0.00357975  -0.999845 1.0514 0.00237192  0.0556833  -0.998446 0.926392
0 0 0 1 0 0 0 1
0.99858  0.0532097  0.00277549 0.0635356 0.999592  0.0281406  -0.00492467 -0.338244
0.0532478  -0.99845  -0.0161982 -0.0416711 0.0279036  -0.998688  -0.0429373 0.0413804
0.00190929  0.016323  -0.999865 1.04863 -0.00612649  0.0427823  -0.999066 0.889268
0 0 0 1 0 0 0 1
0.998415  0.0561477  0.00396983 0.230477 0.999477  0.0273593  -0.017246 -0.255231
0.0561652  -0.998412  -0.00443296 -0.126024 0.0266196  -0.998773  -0.041751 -0.0431334
0.00371462  0.0046489  -0.999982 1.04833 -0.0183672  0.0412701  -0.998979 1.03755
0 0 0 1 0 0 0 1
0.998547  0.0538521  0.00170348 0.189523 0.999322  0.0235552  0.0282818 -0.275283
0.0538581  -0.998542  -0.00366157 -0.0848364 0.0249498  -0.998437  -0.0500135 -0.00112336
0.00150381  0.003748  -0.999992 1.05223 0.0270596  0.0506852  -0.998348 1.00104
0 0 0 1 0 0 0 1
0.998494  -0.0544902  0.00631231 0.084322 0.999585  -0.028346  0.00514107 -0.328898
-0.0545601  -0.998444  0.0114797 0.0216086 -0.0285431  -0.998646  0.0434939 -0.0619893
0.00567696  -0.0118068  -0.999914 1.05421 0.00390123  -0.0436226  -0.99904 0.911014
0 0 0 1 0 0 0 1
0.998709  0.0503672  -0.00653533 0.105241 0.999571  0.0272713  -0.0106552 -0.316527
0.0504278  -0.998683  0.00946618 -0.0833037 0.0267247  -0.998468  -0.0484486 -0.000785908
-0.00604994  -0.00978352  -0.999934 1.05196 -0.0119602  0.0481431  -0.998769 0.924069
0 0 0 1 0 0 0 1
0.998641  -0.0520202  0.00330916 0.335628 0.999445  -0.0275607  -0.0186941 -0.202345
-0.0519936  -0.998618  -0.00764865 -0.0211905 -0.0270435  -0.999259  0.0273741 -0.10413
0.00370247  0.0074662  -0.999965 1.04891 -0.0194347  -0.0268534  -0.99945 1.12638
0 0 0 1 0 0 0 1
0.99847  0.0550449  -0.00517697 0.0627263 0.999566  0.0279411  -0.00932817 -0.337505
0.0550439  -0.998484  -0.000342961 -0.209675 0.0275858  -0.998962  -0.036255 -0.126645
-0.005188  5.74758e-05  -0.999987 1.04979 -0.0103315  0.0359819  -0.999299 0.888599
0 0 0 1 0 0 0 1
0.998591  0.0511766  -0.0140235 0.231846 0.99961  0.0273595  -0.00565989 -0.254338
0.0510561  -0.998657  -0.00882062 0.0423021 0.0269785  -0.997894  -0.0589916 0.125077
-0.0144561  0.00809221  -0.999863 1.05378 -0.00726195  0.0588158  -0.998242 1.03825
0 0 0 1 0 0 0 1
0.99868  0.051165  -0.00451098 0.0631423 0.999705  0.0236977  0.00536091 -0.338532
0.051261  -0.998382  0.0246228 -0.125286 0.0239612  -0.99814  -0.0560629 -0.0436294
-0.00324386  -0.0248216  -0.999687 1.05171 0.00402238  0.0561748  -0.998413 0.890028
0 0 0 1 0 0 0 1
0.998701  -0.0507678  0.00444672 0.336106 0.99963  -0.0261107  0.00766229 -0.201248
-0.0507884  -0.998699  0.00466019 0.105311 -0.0263814  -0.998942  0.0376589 0.0224126
0.00420434  -0.00487998  -0.999979 1.05082 0.00667089  -0.0378471  -0.999261 1.12751
0 0 0 1 0 0 0 1
0.998683  0.0495826  0.0131664 0.146875 0.999622  0.0273469  0.00290594 -0.296884
0.0497301  -0.998701  -0.0111184 -0.126288 0.0274584  -0.998359  -0.0502526 -0.0430001
0.012598  0.0117585  -0.999852 1.04863 0.00152692  0.0503134  -0.998732 0.964897
0 0 0 1 0 0 0 1
0.998353  0.0565756  0.00955829 0.231861 0.999632  0.0245694  0.0115297 -0.254487
0.0566445  -0.998369  -0.0070961 -0.0424055 0.0250738  -0.998633  -0.0458619 0.0408915
0.00914124  0.00762584  -0.999929 1.05149 0.0103872  0.0461341  -0.998881 1.03616
0 0 0 1 0 0 0 1
0.998425  -0.0557376  -0.00631819 0.168243 0.999636  -0.0267265  0.003776 -0.286409
-0.0555886  -0.998218  0.0217154 0.0631489 -0.026874  -0.998543  0.0467986 -0.0201192
-0.00751729  -0.02133  -0.999744 1.05163 0.00251973  -0.046883  -0.998897 0.982782
0 0 0 1 0 0 0 1
0.99872  0.0505889  -5.64672e-05 0.315431 0.99949  0.0276317  0.0160341 -0.213461
0.0505851  -0.998629  0.0134658 -0.126106 0.0281791  -0.998991  -0.0349811 -0.0434411
0.000624831  -0.0134514  -0.999909 1.05052 0.0150514  0.0354151  -0.999259 1.11559
0 0 0 1 0 0 0 1
0.998518  -0.0543372  0.00315311 0.251737 0.999671  -0.0246023  0.00724853 -0.243358
-0.0543354  -0.998523  -0.000660137 0.0213562 -0.024915  -0.998594  0.0467829 -0.0614262
0.00318432  0.000487834  -0.999995 1.0488 0.00608737  -0.0469481  -0.998879 1.0526
0 0 0 1 0 0 0 1
0.998762  0.0494328  0.00562053 0.316349 0.999721  0.0229326  0.00558657 -0.212051
0.0494428  -0.998776  -0.00165673 -0.0418458 0.0232314  -0.997861  -0.0611031 0.0416212
0.00553175  0.00193257  -0.999983 1.05379 0.00417337  0.0612158  -0.998116 1.10955
0 0 0 1 0 0 0 1
0.998745  0.0500783  0.000144294 0.231806 0.99965  0.0261692  0.00376481 -0.255007
0.0500758  -0.998718  0.00741724 0.126547 0.0263233  -0.998433  -0.0493869 0.209011
0.000515552  -0.00740071  -0.999972 1.05237 0.00246649  0.0494688  -0.998773 1.03918
0 0 0 1 0 0 0 1
0.998451  0.0554649  -0.00438123 0.105558 0.999632  0.0271078  0.00136024 -0.317528
0.0554016  -0.998374  -0.0134385 -0.253106 0.0271357  -0.999218  -0.028752 -0.168766
-0.00511947  0.0131749  -0.9999 1.05162 0.000579777  0.0287784  -0.999586 0.927658
0 0 0 1 0 0 0 1
0.998373  -0.0570126  0.000322271 0.294616 0.999566  -0.0294282  -0.00156843 -0.22422
-0.0570134  -0.998367  0.00365872 -0.0628221 -0.0293432  -0.998787  0.0395514 -0.146809
0.000113152  -0.00367114  -0.999993 1.05193 -0.00273046  -0.0394882  -0.999216 1.0937
0 0 0 1 0 0 0 1
0.9985  0.0547149  0.00193203 0.273324 0.999643  0.026211  -0.00511418 -0.232864
0.0547081  -0.998497  0.00340836 -0.000241134 0.0259931  -0.998908  -0.0388325 0.0825792
0.00211561  -0.00329755  -0.999992 1.05272 -0.00612643  0.0386857  -0.999233 1.07062
0 0 0 1 0 0 0 1
0.998597  -0.0529027  0.0021192 0.294591 0.999592  -0.024554  -0.0145844 -0.223833
-0.0528868  -0.998576  -0.00696463 0.0629704 -0.0238999  -0.99877  0.0434514 -0.0195699
0.00248463  0.00684279  -0.999974 1.05095 -0.0156333  -0.0430851  -0.998949 1.09212
0 0 0 1 0 0 0 1
0.998652  -0.051519  -0.00626308 0.125493 0.999659  -0.0261268  0.000226468 -0.306725
-0.0515215  -0.998672  -0.0002486 0.230396 -0.0261078  -0.998517  0.0477694 0.147974
-0.00624196  0.000570948  -0.99998 1.04909 -0.00102193  -0.047759  -0.998858 0.944379
0 0 0 1 0 0 0 1
0.960167  0.236124  0.149415 -0.0162773 0.937841  -0.346918  -0.0100902 -0.337312
0.279427  -0.8115  -0.513214 -0.226249 -0.305611  -0.811696  -0.497747 -0.255844
6.81304e-05  0.534522  -0.845155 0.903198 0.164487  0.469891  -0.867264 0.887969
0 0 0 1 0 0 0 1
0.941166  0.337759  -0.0111836 0.256429 0.853799  -0.420786  -0.30654 -0.0962375
0.22454  -0.649728  -0.726248 0.0858574 -0.519576  -0.651769  -0.552484 -0.222474
-0.252563  0.681009  -0.687342 0.939588 0.0326839  0.630981  -0.77511 0.858347
0 0 0 1 0 0 0 1
0.971439  -0.162416  0.172994 0.0184678 0.960132  0.259606  0.103687 -0.430439
-0.216022  -0.906992  0.361526 0.224423 0.205688  -0.90725  0.366866 0.213427
0.0981863  -0.388571  -0.916173 0.962614 0.189311  -0.330912  -0.924477 1.02984
0 0 0 1 0 0 0 1
0.986957  0.135765  0.0865105 0.170334 0.954973  -0.296657  -0.00460688 -0.319863
0.159719  -0.893058  -0.420638 0.0373642 -0.280583  -0.897963  -0.339021 -0.0880529
0.0201509  0.428969  -0.903094 1.01081 0.0964362  0.325049  -0.940767 1.07318
0 0 0 1 0 0 0 1
0.880853  0.408872  0.238582 0.135486 0.944783  -0.326297  -0.030255 -0.205577
0.468207  -0.678105  -0.566529 -0.134693 -0.255374  -0.675269  -0.691951 0.086775
-0.0698543  0.610735  -0.788748 0.873698 0.205351  0.66147  -0.72131 0.933612
0 0 0 1 0 0 0 1
0.903452  0.42864  -0.00648849 0.266339 0.974426  -0.156112  -0.161624 -0.0341759
0.375243  -0.798044  -0.471507 -0.19199 -0.220721  -0.799836  -0.558162 -0.0274651
-0.207285  0.423549  -0.881839 0.940992 -0.0421371  0.579562  -0.813838 0.777871
0 0 0 1 0 0 0 1
0.898487  0.432274  0.0765526 0.215855 0.971701  -0.199543  -0.12641 -0.0658343
0.408333  -0.758885  -0.507305 -0.219998 -0.234883  -0.759513  -0.606605 -0.0362605
-0.1612  0.487066  -0.85836 0.899892 0.0250338  0.619131  -0.784889 0.805114
0 0 0 1 0 0 0 1
0.903117  0.399043  0.15857 0.2599 0.963201  -0.264605  -0.0471966 -0.0983918
0.420274  -0.745742  -0.516951 -0.205964 -0.235398  -0.745708  -0.623303 -0.00810346
-0.0880338  0.53351  -0.8412 0.874745 0.129734  0.611476  -0.780555 0.979086
0 0 0 1 0 0 0 1
0.919593  -0.361833  0.153051 0.155356 0.902944  0.398192  -0.161663 -0.208694
-0.366028  -0.647547  0.668361 -0.112168 0.40124  -0.646359  0.64902 -0.0688352
-0.142728  -0.670641  -0.727921 0.951018 0.153942  -0.650895  -0.743396 0.930704
0 0 0 1 0 0 0 1
0.878406  -0.459957  0.129777 0.235037 0.914342  0.336369  -0.225463 -0.0585593
-0.415051  -0.599579  0.684279 -0.0290436 0.392283  -0.597637  0.699245 -0.0579949
-0.236927  -0.654939  -0.717579 0.903533 0.10046  -0.727795  -0.678397 0.844548
0 0 0 1 0 0 0 1
0.981984  -0.139907  0.127022 0.0475054 0.926313  0.376753  0.000941197 -0.420578
-0.185495  -0.841945  0.506676 -0.0641126 0.343236  -0.844931  0.41022 0.101107
0.0360579  -0.521109  -0.852728 0.995408 0.155347  -0.379669  -0.911986 1.02664
0 0 0 1 0 0 0 1
0.923989  0.351762  0.150023 0.114141 0.950515  -0.303581  -0.0660205 -0.18394
0.374434  -0.752431  -0.541892 -0.216649 -0.282385  -0.75562  -0.591014 -0.119557
-0.077735  0.556876  -0.82695 0.877243 0.129534  0.580411  -0.803955 0.883777
0 0 0 1 0 0 0 1
0.916145  -0.337782  0.215829 0.071818 0.948565  0.316524  0.00610296 -0.305878
-0.400534  -0.750092  0.526245 0.101387 0.248739  -0.757072  0.604128 -0.0633818
-0.0158641  -0.568564  -0.822486 0.922693 0.195842  -0.571536  -0.796864 0.954644
0 0 0 1 0 0 0 1
0.891306  -0.318879  0.322319 -0.00117128 0.889091  0.457722  0.00276597 -0.41199
-0.453395  -0.622824  0.637592 0.00311869 0.320306  -0.626464  0.710596 -0.134156
-0.00256654  -0.714427  -0.699705 0.899789 0.326988  -0.630899  -0.703595 1.00266
0 0 0 1 0 0 0 1
0.867455  -0.443205  0.226033 0.0839539 0.91432  0.374424  -0.154355 -0.151781
-0.46603  -0.5648  0.681041 0.0783535 0.357437  -0.566855  0.742236 -0.0418595
-0.174177  -0.696111  -0.696485 0.845972 0.190414  -0.733813  -0.65212 0.805127
0 0 0 1 0 0 0 1
0.850265  -0.498098  0.170143 0.173813 0.956408  0.261839  -0.12932 -0.0844107
-0.491617  -0.636028  0.594795 0.125014 0.27235  -0.63991  0.718568 -0.109232
-0.188051  -0.589378  -0.785666 0.875101 0.105396  -0.722465  -0.683327 0.781566
0 0 0 1 0 0 0 1
0.959337  -0.169977  0.225345 0.0633902 0.96096  0.231146  0.152076 -0.495423
-0.236923  -0.918861  0.315533 0.00973869 0.16181  -0.915327  0.368773 -0.0746653
0.153428  -0.356093  -0.921769 1.00287 0.22444  -0.329769  -0.916995 1.14723
0 0 0 1 0 0 0 1
0.988199  -0.118561  -0.0969864 0.261921 0.99078  0.0593164  -0.121801 -0.140284
-0.102603  -0.982477  0.1556 0.176406 0.0779108  -0.984982  0.154078 0.153788
-0.113735  -0.143812  -0.983047 1.04063 -0.110833  -0.162147  -0.980522 0.87967
0 0 0 1 0 0 0 1
0.924042  -0.350037  0.153693 0.0376142 0.816  0.511257  -0.269741 -0.256987
-0.320872  -0.491595  0.809553 -0.119638 0.536782  -0.497028  0.681783 0.105974
-0.207818  -0.797376  -0.566571 0.890713 0.214497  -0.701127  -0.680009 0.838521
0 0 0 1 0 0 0 1
0.89515  0.419527  0.150676 0.263756 0.973451  -0.221497  -0.0577246 -0.129925
0.436177  -0.754612  -0.490215 -0.0980344 -0.208861  -0.756362  -0.619914 0.141606
-0.0919568  0.504538  -0.858479 0.930767 0.0936482  0.615513  -0.782543 0.969967
0 0 0 1 0 0 0 1
0.935122  -0.31331  0.165479 -0.0241718 0.912233  0.399951  -0.0887174 -0.319819
-0.345801  -0.705156  0.619013 0.0552458 0.366669  -0.700514  0.612236 0.0740249
-0.0772548  -0.636075  -0.76775 0.919003 0.182717  -0.591032  -0.785682 0.838768
0 0 0 1 0 0 0 1
0.944595  -0.267437  0.190308 0.136078 0.967283  0.230199  0.106641 -0.363743
-0.321606  -0.87003  0.373655 0.0748531 0.157067  -0.873475  0.460838 -0.0928803
0.0656445  -0.414157  -0.907835 0.976128 0.199232  -0.429011  -0.881054 1.09844
0 0 0 1 0 0 0 1
0.971562  -0.109639  -0.209873 0.351369 0.975974  -0.102902  -0.192059 -0.0786282
-0.116003  -0.993082  -0.0182181 0.222701 -0.0894363  -0.99297  0.0775342 0.0121822
-0.206423  0.0420459  -0.977559 1.08172 -0.198688  -0.0584943  -0.978316 0.818723
0 0 0 1 0 0 0 1
0.963655  -0.243669  0.109518 0.0200884 0.951097  0.305582  -0.045114 -0.370991
-0.265933  -0.835888  0.480177 -0.108253 0.289537  -0.831047  0.474899 -0.0865972
-0.0254595  -0.49185  -0.870308 1.0127 0.107628  -0.464737  -0.878883 0.905472
0 0 0 1 0 0 0 1
0.928293  0.358972  0.0970127 0.114397 0.926273  -0.344963  -0.151717 -0.148767
0.338499  -0.707782  -0.62005 -0.121312 -0.363116  -0.709285  -0.604203 -0.1448
-0.153917  0.608427  -0.778541 0.884184 0.100817  0.614748  -0.782254 0.818766
0 0 0 1 0 0 0 1
0.952179  0.286438  -0.106344 0.22809 0.88293  -0.366629  -0.293289 -0.140403
0.15702  -0.757309  -0.633899 0.184808 -0.466123  -0.759349  -0.454003 -0.134009
-0.262108  0.586886  -0.76607 1.01601 -0.056258  0.537562  -0.841346 0.78504
0 0 0 1 0 0 0 1
0.887803  0.366824  0.277933 0.186264 0.96252  -0.256562  0.0879294 -0.312107
0.45654  -0.77823  -0.431196 -0.0812687 -0.149991  -0.773675  -0.615573 0.235819
0.0581224  0.509704  -0.858384 0.931697 0.225962  0.579312  -0.783159 1.09776
0 0 0 1 0 0 0 1
0.993882  0.0981684  0.050605 0.178722 0.981243  -0.19225  0.0142004 -0.316223
0.108369  -0.955215  -0.275357 0.12491 -0.183954  -0.955835  -0.229219 0.0490666
0.0213074  0.279156  -0.960009 1.04241 0.0576405  0.222307  -0.973271 1.0551
0 0 0 1 0 0 0 1
0.896702  -0.374254  0.236346 0.115371 0.854771  0.483019  -0.189894 -0.235781
-0.412435  -0.512602  0.753085 -0.119546 0.449762  -0.506784  0.735448 -0.0839848
-0.160694  -0.77277  -0.614007 0.895311 0.259001  -0.714047  -0.650428 0.953411
0 0 0 1 0 0 0 1
0.895771  -0.380988  0.229003 -0.0567731 0.826252  0.5076  -0.244232 -0.287325
-0.395059  -0.446172  0.803031 -0.0628893 0.496017  -0.450127  0.742531 0.044687
-0.203771  -0.809801  -0.550181 0.863434 0.266974  -0.734661  -0.623697 0.773782
0 0 0 1 0 0 0 1
0.929193  -0.33041  0.165617 0.0906057 0.880202  0.448401  -0.1555 -0.198473
-0.346249  -0.62148  0.702762 0.0709073 0.433404  -0.625916  0.648375 0.169217
-0.129272  -0.710346  -0.691879 0.850818 0.193402  -0.638096  -0.745271 0.893597
0 0 0 1 0 0 0 1
0.889109  -0.306161  0.340222 0.0263889 0.921315  0.370668  0.117407 -0.450842
-0.447875  -0.735141  0.508896 0.133205 0.215071  -0.737386  0.640318 -0.110872
0.0943072  -0.604841  -0.790742 0.897735 0.323919  -0.564683  -0.759084 1.07157
0 0 0 1 0 0 0 1
0.966475  -0.178984  0.184096 0.0596229 0.962046  0.250341  0.108612 -0.489323
-0.235047  -0.905309  0.353792 -0.206428 0.193083  -0.905721  0.377344 -0.250947
0.103341  -0.385202  -0.917028 1.04382 0.192837  -0.342051  -0.919682 1.11409
0 0 0 1 0 0 0 1
0.918804  -0.370515  0.136081 0.097758 0.836591  0.475888  -0.271378 -0.207571
-0.328298  -0.52595  0.7846 -0.136834 0.518241  -0.526888  0.673658 0.0685236
-0.219134  -0.765569  -0.604884 0.909784 0.1776  -0.704215  -0.687415 0.845831
0 0 0 1 0 0 0 1
0.972918  0.226691  -0.0451905 0.337498 0.921906  -0.340632  -0.184553 -0.137862
0.166325  -0.822319  -0.544175 0.197523 -0.387209  -0.825688  -0.410255 -0.0383665
-0.160521  0.521921  -0.837754 1.03837 -0.0126371  0.449677  -0.893102 0.993042
0 0 0 1 0 0 0 1
0.924774  -0.316944  0.210568 0.0392341 0.943079  0.332201  0.0156232 -0.328693
-0.380486  -0.763276  0.52215 0.140836 0.259077  -0.763322  0.591793 0.0111811
-0.00477118  -0.562989  -0.82645 0.914737 0.20852  -0.55406  -0.805939 0.944685
0 0 0 1 0 0 0 1
0.981016  -0.178481  0.0758394 0.0407718 0.981749  0.189794  0.0121088 -0.364015
-0.193157  -0.934091  0.300273 0.0133132 0.175557  -0.928906  0.326058 -0.00718863
0.0172476  -0.309222  -0.950833 1.02287 0.0731319  -0.317982  -0.945272 0.928075
0 0 0 1 0 0 0 1
0.985232  0.0386863  0.166797 0.105609 0.979624  -0.106704  0.170149 -0.488982
0.0608715  -0.989641  -0.13002 0.252174 -0.0851326  -0.98793  -0.129407 0.224042
0.160039  0.138254  -0.977381 1.04814 0.181903  0.112285  -0.976884 1.18084
0 0 0 1 0 0 0 1
0.918981  0.339023  0.201339 0.156343 0.979397  0.0285983  0.199908 -0.457844
0.362352  -0.927471  -0.092188 -0.188696 0.0990492  -0.930698  -0.352123 0.29337
0.155482  0.157675  -0.975174 1.01088 0.175983  0.364669  -0.914356 1.14085
0 0 0 1 0 0 0 1
0.923528  -0.320735  0.210297 0.141132 0.980562  0.143414  0.133904 -0.387722
-0.372414  -0.880989  0.291831 0.101341 0.0629288  -0.876272  0.47769 -0.222106
0.0916691  -0.347831  -0.933065 0.98654 0.185844  -0.459978  -0.868264 1.09634
0 0 0 1 0 0 0 1
0.937378  -0.34818  0.00966983 0.257598 0.892431  0.376366  -0.248827 -0.123268
-0.264941  -0.694707  0.668722 -0.168518 0.449538  -0.694677  0.561551 0.0310698
-0.226118  -0.629407  -0.74345 0.989361 0.0384942  -0.613003  -0.789142 0.887452
0 0 0 1 0 0 0 1
0.994354  -0.105706  0.00933275 0.26214 0.999129  -0.0379431  0.0173812 -0.244781
-0.105966  -0.993779  0.0342576 -0.114217 -0.0394872  -0.994267  0.0993691 -0.2657
0.00565347  -0.0350532  -0.999369 1.0499 0.0135112  -0.0999689  -0.994899 1.06636
0 0 0 1 0 0 0 1
0.879784  0.391623  0.269466 -0.0215426 0.912184  -0.403897  -0.0691876 -0.280042
0.467408  -0.609298  -0.640536 -0.145431 -0.324376  -0.608534  -0.7242 0.00696573
-0.0866637  0.689483  -0.719098 0.847201 0.250399  0.683047  -0.68611 0.828447
0 0 0 1 0 0 0 1
0.951982  -0.302565  -0.0467512 0.286873 0.910708  0.337263  -0.238463 -0.0686456
-0.214139  -0.767185  0.604626 0.00383899 0.412654  -0.768209  0.489461 0.217047
-0.218805  -0.565581  -0.795137 0.958936 -0.0181119  -0.544158  -0.838787 0.861517
0 0 0 1 0 0 0 1
0.906364  0.414118  0.0837266 0.1414 0.970278  -0.218289  -0.104455 -0.159957
0.396908  -0.766663  -0.50467 -0.10849 -0.236993  -0.769851  -0.592591 0.063782
-0.144803  0.490646  -0.859243 0.940328 0.0489412  0.599733  -0.798702 0.808304
0 0 0 1 0 0 0 1
0.964889  -0.199263  0.171122 0.0490878 0.976572  0.169515  0.132562 -0.445871
-0.241289  -0.929852  0.277768 0.119148 0.114191  -0.930344  0.348454 -0.0139122
0.103769  -0.309306  -0.945284 1.00036 0.182397  -0.325153  -0.927905 1.06115
0 0 0 1 0 0 0 1
0.886715  0.373845  0.271987 0.10202 0.891241  -0.442028  -0.101488 -0.190292
0.451893  -0.576637  -0.680648 -0.106322 -0.367748  -0.573382  -0.732117 -0.0147251
-0.0976191  0.72645  -0.680251 0.808509 0.265425  0.689814  -0.673577 0.933349
0 0 0 1 0 0 0 1
0.880779  -0.350206  0.318723 -0.0103299 0.879768  0.471774  -0.0586339 -0.375302
-0.469601  -0.559491  0.682968 -0.0271556 0.353125  -0.565918  0.74501 -0.153249
-0.0608567  -0.751216  -0.657245 0.892575 0.318294  -0.676141  -0.664472 0.949615
0 0 0 1 0 0 0 1
0.9381  0.283018  0.199673 0.0910801 0.973002  -0.214977  0.083973 -0.355635
0.339179  -0.867445  -0.364001 -0.207917 -0.150368  -0.866504  -0.475983 -0.0111868
0.0701865  0.409194  -0.909744 0.952122 0.175088  0.450506  -0.875436 1.027
0 0 0 1 0 0 0 1
0.935441  0.28742  0.205768 0.0509611 0.918616  -0.394151  -0.0281087 -0.287233
0.35313  -0.733809  -0.580366 -0.180513 -0.332508  -0.732594  -0.593923 -0.160352
-0.0158148  0.61556  -0.787931 0.86635 0.213503  0.554933  -0.804031 0.951943
0 0 0 1 0 0 0 1
0.948826  -0.278716  0.148482 0.0732179 0.931992  0.357297  -0.0610726 -0.251181
-0.313086  -0.768716  0.55772 0.170446 0.330023  -0.766725  0.550652 0.188449
-0.0413052  -0.575667  -0.81664 0.892238 0.149921  -0.533359  -0.832498 0.914248
0 0 0 1 0 0 0 1
0.993413  0.11431  0.00804299 0.25948 0.990154  -0.137469  -0.0264068 -0.196761
0.113204  -0.968063  -0.223695 -0.247797 -0.139945  -0.967799  -0.209239 -0.275916
-0.0177844  0.223132  -0.974626 1.00543 0.0032073  0.210875  -0.977508 1.03404
0 0 0 1 0 0 0 1
0.953791  -0.280272  0.108306 0.0918791 0.95342  0.295427  -0.0609388 -0.254678
-0.296179  -0.816256  0.495989 0.0873592 0.284532  -0.813705  0.506878 0.0812424
-0.0506068  -0.505147  -0.861548 0.950924 0.100159  -0.500606  -0.859861 0.896025
0 0 0 1 0 0 0 1
0.889167  -0.381197  0.253124 0.0243061 0.83688  0.501408  -0.219597 -0.275121
-0.418255  -0.452701  0.78748 -0.130244 0.472215  -0.458411  0.75291 -0.0692118
-0.185596  -0.806071  -0.561964 0.891807 0.276849  -0.733792  -0.620407 0.868816
0 0 0 1 0 0 0 1
0.975674  0.218006  -0.0230988 0.106628 0.94551  -0.29402  -0.139869 -0.235529
0.180102  -0.857163  -0.482529 0.0718548 -0.325542  -0.861286  -0.390139 -0.0878676
-0.124994  0.466631  -0.875575 1.014 -0.00575846  0.414414  -0.91007 0.812596
0 0 0 1 0 0 0 1
0.936942  -0.348047  -0.0316641 0.295036 0.982264  0.135449  -0.129657 -0.0862488
-0.309525  -0.868469  0.387241 0.0736011 0.180682  -0.868574  0.461447 -0.0613695
-0.162277  -0.353022  -0.921435 1.00069 -0.050114  -0.47669  -0.877642 0.873055
0 0 0 1 0 0 0 1
0.884456  -0.346813  0.312184 0.0657876 0.912156  0.409398  0.0190896 -0.344387
-0.466614  -0.652823  0.596736 0.0516197 0.279169  -0.654751  0.7024 -0.147502
-0.00315484  -0.673456  -0.73922 0.884872 0.30006  -0.635369  -0.711526 1.01845
0 0 0 1 0 0 0 1
0.999854  -0.00282179  -0.0168613 0.200447 0.999302  -0.0361043  -0.00962455 -0.263654
-0.00318016  -0.999769  -0.021265 -0.180172 -0.0363527  -0.998974  -0.0270206 -0.215775
-0.0167974  0.0213155  -0.999632 1.04949 -0.00863912  0.0273516  -0.999589 1.00846
0 0 0 1 0 0 0 1
0.951952  0.234754  0.196669 0.0181669 0.947276  -0.315794  0.0542451 -0.405356
0.300913  -0.836358  -0.458211 -0.106351 -0.247912  -0.829593  -0.500315 -0.050623
0.056919  0.495375  -0.866813 0.954523 0.202998  0.460488  -0.864143 0.996413
0 0 0 1 0 0 0 1
0.886887  -0.461587  0.0191968 0.236201 0.89713  0.316272  -0.308432 0.00674243
-0.338004  -0.61999  0.708072 0.023478 0.44159  -0.622258  0.646369 0.13531
-0.314935  -0.634468  -0.70588 0.888122 0.0125038  -0.716077  -0.697909 0.70898
0 0 0 1 0 0 0 1
0.970825  -0.203353  0.127069 0.197588 0.954151  0.299221  0.00794228 -0.31473
-0.238896  -0.865939  0.439408 -0.131541 0.266881  -0.862442  0.43008 -0.0991129
0.0206791  -0.456944  -0.889255 1.0142 0.135539  -0.408242  -0.902756 1.10942
0 0 0 1 0 0 0 1
0.929186  -0.348603  0.122837 0.0622456 0.971161  0.235007  -0.0402253 -0.265444
-0.364059  -0.805813  0.467041 0.106389 0.217836  -0.805993  0.550384 -0.0455214
-0.0638284  -0.478688  -0.875662 0.955922 0.0969229  -0.543274  -0.833942 0.844958
0 0 0 1 0 0 0 1
0.987678  -0.0764858  0.136538 0.0395497 0.98878  0.104051  0.10718 -0.450241
-0.0972492  -0.983502  0.152536 0.235461 0.0861677  -0.98339  0.15975 0.223932
0.122618  -0.163934  -0.978821 1.01663 0.122022  -0.148722  -0.981322 1.04768
0 0 0 1 0 0 0 1
0.970582  -0.221208  -0.0950653 0.323922 0.990733  -0.0912914  -0.100564 -0.138653
-0.216932  -0.97473  0.0533125 0.238683 -0.0694554  -0.976818  0.202492 -0.0609839
-0.104456  -0.0311215  -0.994042 1.05719 -0.116718  -0.193631  -0.974107 0.919964
0 0 0 1 0 0 0 1
0.94635  -0.311214  0.0869898 0.148696 0.907044  0.387665  -0.164278 -0.216161
-0.292802  -0.711958  0.638266 -0.0892114 0.407896  -0.712372  0.571092 0.027002
-0.136704  -0.629494  -0.764885 0.959497 0.104365  -0.585014  -0.80428 0.912161
0 0 0 1 0 0 0 1
0.875314  0.395352  0.278429 0.137591 0.880567  -0.453714  -0.136913 -0.196869
0.46344  -0.521539  -0.716394 0.0322651 -0.388907  -0.526699  -0.75587 0.110792
-0.138016  0.756105  -0.639732 0.85657 0.270837  0.71884  -0.640247 0.962001
0 0 0 1 0 0 0 1
0.947303  -0.313686  0.0649515 0.00205515 0.836204  0.480202  -0.264893 -0.288782
-0.250343  -0.598426  0.761062 -0.147011 0.533407  -0.599913  0.596307 0.155176
-0.199866  -0.737216  -0.645419 0.941037 0.127435  -0.63993  -0.757793 0.761065
0 0 0 1 0 0 0 1
0.92057  0.345907  0.181381 0.115295 0.924081  -0.376007  -0.0685107 -0.293372
0.381657  -0.697981  -0.605938 0.127051 -0.329633  -0.693359  -0.640777 0.183239
-0.082998  0.627034  -0.774558 0.972634 0.193434  0.614713  -0.764664 0.98079
0 0 0 1 0 0 0 1
0.973957  0.225103  0.0271409 0.0623969 0.991309  -0.128188  -0.0295731 -0.312819
0.22343  -0.932504  -0.283754 0.0127621 -0.130787  -0.936044  -0.326676 0.114703
-0.038565  0.282428  -0.958513 1.03194 0.0141943  0.327704  -0.944674 0.863053
0 0 0 1 0 0 0 1
0.905801  -0.399031  0.142475 -0.00804257 0.918596  0.362803  -0.156701 -0.25944
-0.389381  -0.651376  0.651223 -0.0320064 0.369521  -0.647916  0.666077 -0.0554661
-0.167053  -0.645355  -0.745392 0.938979 0.140125  -0.66976  -0.729237 0.745443
0 0 0 1 0 0 0 1
0.895679  -0.442155  0.0475068 0.121739 0.920318  0.308499  -0.240504 -0.0632346
-0.359559  -0.657189  0.662434 0.0906195 0.388914  -0.655691  0.647159 0.118865
-0.261678  -0.61041  -0.747612 0.878832 0.0419516  -0.689128  -0.723424 0.665035
0 0 0 1 0 0 0 1
0.930183  -0.350161  0.110208 0.0333443 0.938146  0.327686  -0.111824 -0.204391
-0.346495  -0.73833  0.578627 0.172666 0.327681  -0.735958  0.592445 0.147625
-0.121242  -0.576416  -0.808112 0.886071 0.111838  -0.592442  -0.797812 0.774636
0 0 0 1 0 0 0 1
0.973191  -0.210007  0.0937935 0.236588 0.99789  0.00158008  0.0649124 -0.312508
-0.21901  -0.970685  0.0990211 -0.0492666 -0.0137867  -0.971753  0.235595 -0.300439
0.0702489  -0.116908  -0.990655 1.03552 0.0634511  -0.235993  -0.969681 1.12472
0 0 0 1 0 0 0 1
0.916024  0.349609  0.196655 0.0689072 0.89016  -0.433539  -0.140211 -0.302757
0.383388  -0.618919  -0.685531 0.154498 -0.408078  -0.621652  -0.668596 0.126309
-0.117955  0.703358  -0.70098 0.956176 0.2027  0.652374  -0.730288 0.932293
0 0 0 1 0 0 0 1
0.976465  0.181215  0.116952 0.115945 0.993915  -0.0815192  0.074077 -0.378613
0.200553  -0.962389  -0.183263 0.020945 -0.0606236  -0.966341  -0.250019 0.169333
0.079343  0.202404  -0.976083 1.03243 0.091965  0.244007  -0.965403 1.04837
0 0 0 1 0 0 0 1
0.922141  -0.37403  0.0987798 0.259877 0.967908  0.236563  -0.0848021 -0.131687
-0.371704  -0.785901  0.494162 0.0483202 0.242389  -0.789733  0.563534 -0.0936607
-0.1072  -0.492404  -0.86374 0.956463 0.0663404  -0.566004  -0.821729 0.959578
0 0 0 1 0 0 0 1
0.94439  0.299505  0.135739 0.213652 0.960623  -0.275546  -0.0357563 -0.219935
0.327045  -0.81257  -0.482465 -0.0280178 -0.253226  -0.815221  -0.520857 0.0478316
-0.0342036  0.500027  -0.865334 0.958674 0.114371  0.509401  -0.852895 1.03093
0 0 0 1 0 0 0 1
0.978966  0.188495  -0.0780694 0.292125 0.966615  -0.205722  -0.152754 -0.101489
0.147048  -0.917139  -0.370449 -0.0970859 -0.244547  -0.918658  -0.310264 -0.201945
-0.141428  0.351177  -0.925566 1.00931 -0.0765007  0.337261  -0.938298 0.896115
0 0 0 1 0 0 0 1
0.918816  -0.341483  0.197905 0.217058 0.981041  0.180075  0.0716416 -0.276687
-0.392169  -0.846426  0.360232 0.159871 0.116738  -0.844152  0.523239 -0.132708
0.0444987  -0.408599  -0.911629 0.947403 0.154699  -0.504956  -0.849169 1.09587
0 0 0 1 0 0 0 1
0.926461  -0.370496  0.0663553 0.258708 0.896662  0.379114  -0.228628 -0.0517595
-0.31291  -0.660165  0.682839 0.0378608 0.435498  -0.662443  0.609517 0.166768
-0.209184  -0.653387  -0.727549 0.884699 0.0796229  -0.646098  -0.75909 0.892257
0 0 0 1 0 0 0 1
0.910152  0.385504  0.151692 0.144067 0.906459  -0.389015  -0.164315 -0.0904584
0.38078  -0.634228  -0.672876 -0.150613 -0.393145  -0.635336  -0.664669 -0.165289
-0.163189  0.67018  -0.724036 0.81362 0.154171  0.667095  -0.728846 0.841036
0 0 0 1 0 0 0 1
0.873337  -0.337355  0.351389 -0.0101178 0.827801  0.549043  -0.115316 -0.396025
-0.478002  -0.454621  0.751554 -0.121559 0.410454  -0.452579  0.791644 -0.192208
-0.0937917  -0.824325  -0.558294 0.885349 0.382457  -0.702655  -0.600002 0.98461
0 0 0 1 0 0 0 1
0.916107  -0.264305  0.301483 0.0661074 0.935202  0.334885  0.115103 -0.487571
-0.382991  -0.799329  0.463025 -0.0865761 0.215769  -0.796632  0.564643 -0.2622
0.118604  -0.539645  -0.833496 0.97955 0.280785  -0.50322  -0.81727 1.14103
0 0 0 1 0 0 0 1
0.912554  0.351392  0.209211 0.235221 0.985976  -0.12053  0.115428 -0.321222
0.400056  -0.873188  -0.278384 -0.0759673 -0.0492063  -0.870868  -0.489048 0.300438
0.084858  0.337737  -0.937408 0.979836 0.159468  0.47651  -0.864586 1.1392
0 0 0 1 0 0 0 1
0.918312  -0.394889  -0.0276743 0.191963 0.931269  0.26561  -0.249378 -0.0560768
-0.301952  -0.743963  0.596108 0.0536223 0.362273  -0.747765  0.556422 0.117919
-0.255985  -0.539056  -0.802428 0.938912 -0.0386848  -0.608521  -0.792594 0.695817
0 0 0 1 0 0 0 1
0.899261  0.340584  0.274468 0.112513 0.97082  -0.173551  0.165496 -0.430713
0.418704  -0.851798  -0.314846 -0.188531 -0.0639078  -0.85239  -0.518986 0.184572
0.12656  0.398049  -0.908592 0.954672 0.231137  0.493265  -0.838609 1.11011
0 0 0 1 0 0 0 1
0.950498  -0.301687  -0.0744207 0.28813 0.945373  0.24171  -0.21874 -0.0723157
-0.226781  -0.837244  0.497586 -0.0308243 0.31717  -0.837033  0.445846 0.0624212
-0.212424  -0.456078  -0.864216 1.00492 -0.0753271  -0.490869  -0.867971 0.828138
0 0 0 1 0 0 0 1
0.944523  -0.326324  -0.0372593 0.146827 0.864853  0.400148  -0.303168 -0.166604
-0.209544  -0.686062  0.696714 -0.155857 0.502018  -0.68613  0.526501 0.156935
