0.993327  0.0994954  -0.0583246 -0.125633 0.997779  -0.0125145  -0.0654281 -0.0416563
0.0943844  -0.991929  -0.084662 -0.086878 -0.0205577  -0.992101  -0.123745 -0.00766966
-0.0662774  0.0785921  -0.994701 0.663437 -0.0633626  0.124815  -0.990155 0.429959
0 0 0 1 0 0 0 1
0.994273  -0.0735819  -0.0774991 -0.115893 0.995922  0.0349926  -0.0831519 -0.0670143
-0.0664784  -0.99367  0.0905613 0.0279745 0.0434789  -0.993778  0.102544 0.00437425
-0.0836722  -0.0848907  -0.992871 0.716463 -0.0790462  -0.105742  -0.991247 0.436635
0 0 0 1 0 0 0 1
0.990913  -0.117333  -0.065763 -0.0840901 0.996531  0.0375779  -0.0742561 0.0050702
-0.10865  -0.986456  0.122878 0.0737606 0.0486273  -0.987013  0.153102 0.0111203
-0.07929  -0.114616  -0.990241 0.642746 -0.0675385  -0.156182  -0.985417 0.440075
0 0 0 1 0 0 0 1
0.996994  -0.0389227  -0.0669919 -0.125016 0.997674  -0.0284358  -0.0619475 -0.0543576
-0.0395405  -0.999187  -0.00792038 0.0812669 -0.026624  -0.999199  0.029879 0.0109001
-0.0666291  0.0105455  -0.997722 0.677747 -0.0627476  -0.0281602  -0.997632 0.440299
0 0 0 1 0 0 0 1
0.995261  0.0529266  -0.0815681 -0.0372681 0.996806  0.00453112  -0.0797338 0.0663617
0.0507077  -0.998291  -0.0290401 -0.0658495 -0.000346828  -0.998134  -0.061058 -0.0128436
-0.0829657  0.0247664  -0.996245 0.605532 -0.0798617  0.0608906  -0.994944 0.45159
0 0 0 1 0 0 0 1
0.994772  -0.0449784  -0.0916799 -0.0669513 0.995398  0.037228  -0.0883049 -0.00692693
-0.0379664  -0.99632  0.0768424 -0.0139531 0.0431415  -0.996884  0.0660325 -0.0076447
-0.0947987  -0.0729599  -0.992819 0.682525 -0.0855715  -0.0695382  -0.993902 0.449838
0 0 0 1 0 0 0 1
0.999685  0.00704229  -0.0240691 -0.124855 0.999012  0.0384014  -0.0223831 0.0109244
0.00802864  -0.999121  0.0411319 -0.0434131 0.0386621  -0.999188  0.0113308 0.0061544
-0.0237583  -0.0413122  -0.998864 0.560333 -0.0219298  -0.012185  -0.999685 0.451883
0 0 0 1 0 0 0 1
0.976253  -0.173928  -0.129146 0.0222519 0.985733  0.0629045  -0.156117 0.0282006
-0.146507  -0.969227  0.197825 0.0609643 0.0975764  -0.969338  0.225527 0.0096554
-0.15958  -0.174207  -0.971692 0.74304 -0.137144  -0.237542  -0.961647 0.451927
0 0 0 1 0 0 0 1
0.983592  0.120155  -0.134575 0.0136589 0.987491  -0.0564697  -0.147218 0.0255583
0.0991956  -0.983253  -0.152888 -0.0213957 -0.0807005  -0.983119  -0.164209 -0.00143705
-0.150692  0.13703  -0.979038 0.737441 -0.13546  0.174036  -0.975378 0.45431
0 0 0 1 0 0 0 1
0.9987  0.0437444  -0.0261557 -0.163563 0.999579  0.0140396  -0.0253738 -0.079567
0.0434404  -0.998983  -0.0120814 -0.0802361 0.0129754  -0.999049  -0.0416292 -0.0201028
-0.0266576  0.0109295  -0.999585 0.649044 -0.0259341  0.0412825  -0.998811 0.452976
0 0 0 1 0 0 0 1
0.983681  -0.173886  -0.0462098 -0.0705817 0.993211  0.0871544  -0.077045 0.0210694
-0.160438  -0.96398  0.212139 0.0762574 0.103536  -0.964248  0.24394 0.0163228
-0.0814333  -0.201263  -0.976146 0.627542 -0.05303  -0.250261  -0.966725 0.452249
0 0 0 1 0 0 0 1
0.99278  -0.0254002  -0.117232 0.0114188 0.992479  -0.0404799  -0.115532 0.0725372
-0.0287538  -0.999222  -0.0270042 0.0841097 -0.0397638  -0.999173  0.00849768 0.0113765
-0.116455  0.0301801  -0.992737 0.656914 -0.11578  -0.00383979  -0.993267 0.459099
0 0 0 1 0 0 0 1
0.993301  0.0999724  -0.0579595 -0.0725798 0.996914  -0.0409988  -0.0669433 0.0189607
0.0931154  -0.989461  -0.110892 -0.061385 -0.0497961  -0.98952  -0.135536 -0.0158285
-0.0684347  0.104752  -0.992141 0.627155 -0.0606849  0.138452  -0.988508 0.454406
0 0 0 1 0 0 0 1
0.9875  0.154726  -0.0300558 -0.137366 0.995881  -0.0741881  -0.0521254 -0.0713983
0.146678  -0.9719  -0.184106 -0.0799996 -0.0838749  -0.972147  -0.218851 -0.0133662
-0.0576972  0.177397  -0.982447 0.676617 -0.0344375  0.222321  -0.974365 0.451452
0 0 0 1 0 0 0 1
0.972931  -0.20084  -0.114315 -0.0361165 0.989229  0.0423289  -0.140125 -0.0597713
-0.176066  -0.964618  0.196249 0.125512 0.0767755  -0.965074  0.250476 0.0186869
-0.149685  -0.17081  -0.973868 0.800451 -0.124629  -0.258537  -0.957928 0.447795
0 0 0 1 0 0 0 1
0.991841  -0.00827713  -0.127216 -0.0697741 0.990678  0.0316701  -0.132491 -0.10332
-0.00213566  -0.998829  0.0483367 -0.0366347 0.0348409  -0.999158  0.0216824 -0.00304553
-0.127467  -0.0476706  -0.990697 0.8267 -0.131693  -0.0260964  -0.990947 0.449995
0 0 0 1 0 0 0 1
0.984112  -0.129576  -0.121382 -0.0560367 0.989331  0.0494514  -0.137039 -0.0874043
-0.111702  -0.983254  0.143995 0.0428118 0.0728933  -0.982445  0.171719 0.00189627
-0.138007  -0.128149  -0.982106 0.818439 -0.126142  -0.179876  -0.975568 0.450952
0 0 0 1 0 0 0 1
0.98169  0.111765  -0.154252 0.0307999 0.987899  0.0259655  -0.152911 0.0192942
0.105637  -0.993275  -0.0473949 -0.130813 0.00813086  -0.993202  -0.116123 -0.0107238
-0.158512  0.0302324  -0.986894 0.759027 -0.154886  0.113475  -0.981394 0.458749
0 0 0 1 0 0 0 1
0.999375  0.0236063  -0.0263199 -0.121304 0.997464  -0.0661628  -0.0262315 -0.00355748
0.0210058  -0.995252  -0.095042 0.045213 -0.0677083  -0.9957  -0.0632182 -0.00292038
-0.0284385  0.0944298  -0.995125 0.58476 -0.021936  0.064834  -0.997655 0.459412
0 0 0 1 0 0 0 1
0.988693  -0.00432101  -0.149893 -0.00242878 0.987697  -0.0201859  -0.155074 -0.0342123
-0.00880642  -0.999533  -0.0292733 0.0302984 -0.0208383  -0.99978  -0.00258182 -9.46884e-05
-0.149696  0.0302623  -0.988269 0.803717 -0.154987  0.00578152  -0.9879 0.457827
0 0 0 1 0 0 0 1
0.982004  -0.0799287  -0.171112 0.0530296 0.986004  -0.0381605  -0.162298 0.0330734
-0.0786898  -0.996801  0.0140217 0.120023 -0.0261858  -0.996818  0.0752919 0.00978229
-0.171686  -0.000304585  -0.985152 0.764379 -0.164655  -0.0699881  -0.983865 0.463188
0 0 0 1 0 0 0 1
0.993726  0.0323466  -0.107058 -0.00947663 0.989145  -0.0908838  -0.115466 0.0417276
0.0181834  -0.991253  -0.130717 0.0866394 -0.10055  -0.991642  -0.0808424 -0.00117835
-0.11035  0.12795  -0.985622 0.67245 -0.107154  0.0915749  -0.990016 0.46332
0 0 0 1 0 0 0 1
0.992548  -0.0695727  -0.100043 -0.0281563 0.987736  0.106405  -0.114258 0.0218116
-0.05212  -0.984486  0.167545 -0.0677638 0.120674  -0.984632  0.126247 0.0045215
-0.110148  -0.161082  -0.980775 0.679429 -0.0990684  -0.138487  -0.985397 0.461473
0 0 0 1 0 0 0 1
0.999532  -0.0172783  -0.0252454 -0.0785571 0.999671  0.00531816  -0.0250912 0.0746985
-0.0167918  -0.999672  0.0193607 0.0294411 0.00600259  -0.99961  0.0272819 0.0178108
-0.0255716  -0.0189277  -0.999494 0.520598 -0.0249363  -0.0274236  -0.999313 0.462734
0 0 0 1 0 0 0 1
0.994225  0.00589953  -0.107151 -0.0522613 0.990288  -0.0825278  -0.111884 -0.038804
-0.00471332  -0.995124  -0.0985233 0.104167 -0.0877691  -0.995223  -0.0427504 0.00631591
-0.10721  0.0984594  -0.989349 0.739857 -0.107821  0.0521551  -0.992801 0.459617
0 0 0 1 0 0 0 1
0.984076  -0.0624616  -0.166415 0.0308906 0.983704  0.0555262  -0.171005 -0.00356441
-0.0452715  -0.993424  0.10516 -0.0375832 0.0723225  -0.992979  0.0936091 -0.0090285
-0.171889  -0.0959517  -0.980432 0.796498 -0.164606  -0.104451  -0.980813 0.461579
0 0 0 1 0 0 0 1
0.992757  0.0635791  -0.101938 -0.0544468 0.99381  0.0441441  -0.101943 -0.0383547
0.0654783  -0.997735  0.0153914 -0.118803 0.0392604  -0.998006  -0.0494265 -0.0103659
-0.100728  -0.0219547  -0.994672 0.735596 -0.103921  0.0451183  -0.993562 0.461329
0 0 0 1 0 0 0 1
0.97811  -0.206279  -0.0273748 -0.111391 0.992308  0.103557  -0.0678315 -0.0508335
-0.193266  -0.949306  0.247923 0.099466 0.119009  -0.948875  0.292357 0.0203662
-0.0771286  -0.237206  -0.968393 0.677343 -0.034088  -0.298181  -0.9539 0.458001
0 0 0 1 0 0 0 1
0.997502  -0.0671717  -0.0218756 -0.0755692 0.997872  0.0565334  -0.0324905 0.0698084
-0.0645282  -0.992392  0.104854 0.000414528 0.0597442  -0.992325  0.108264 -0.00470597
-0.0287524  -0.10318  -0.994247 0.529742 -0.0261206  -0.109975  -0.993591 0.467104
0 0 0 1 0 0 0 1
0.986696  0.113123  -0.116766 -0.041063 0.988548  -0.0798927  -0.128023 -0.0477964
0.0920056  -0.980682  -0.17262 -0.0012281 -0.100565  -0.981296  -0.164151 -0.00967234
-0.134038  0.15958  -0.978043 0.772625 -0.112514  0.175146  -0.978092 0.461241
0 0 0 1 0 0 0 1
0.958877  -0.260673  -0.112271 0.0281843 0.9855  0.0620517  -0.157919 0.00203659
-0.224957  -0.93921  0.259383 0.12788 0.110842  -0.940122  0.322311 0.00875398
-0.173061  -0.223461  -0.959226 0.779599 -0.128463  -0.335141  -0.933369 0.461719
0 0 0 1 0 0 0 1
0.972838  0.200253  -0.116127 -0.0110701 0.990516  -0.0323779  -0.13353 -0.0243038
0.178656  -0.968503  -0.173449 -0.135137 -0.0645534  -0.967563  -0.244241 -0.0151187
-0.147203  0.147991  -0.977972 0.770316 -0.12129  0.250545  -0.960477 0.461998
0 0 0 1 0 0 0 1
0.998331  -0.0539194  -0.0206716 -0.152109 0.994968  0.09469  -0.0327499 -0.074685
-0.0504215  -0.988424  0.14309 -0.0375107 0.0978644  -0.988525  0.115067 0.0125235
-0.0281477  -0.141809  -0.989494 0.647615 -0.0214784  -0.117693  -0.992818 0.466377
0 0 0 1 0 0 0 1
0.986852  0.160417  -0.0197162 -0.100995 0.993255  -0.103799  -0.0516722 -0.00262029
0.152275  -0.963712  -0.219253 -0.069383 -0.113288  -0.963698  -0.24177 -0.0277826
-0.0541726  0.213368  -0.975469 0.611759 -0.024701  0.245993  -0.968957 0.464129
0 0 0 1 0 0 0 1
0.982456  0.0467018  -0.180554 0.0145827 0.977876  -0.0808491  -0.192929 -0.0860586
0.0223191  -0.990623  -0.134787 0.0882307 -0.0986602  -0.991522  -0.0845582 0.00782305
-0.185156  0.128392  -0.974286 0.895896 -0.184457  0.101722  -0.977562 0.461709
0 0 0 1 0 0 0 1
0.948396  0.311365  -0.0599681 -0.0282316 0.982115  -0.118847  -0.146031 -0.0344224
0.272286  -0.896618  -0.349195 -0.147061 -0.169513  -0.895702  -0.411075 -0.0383748
-0.162496  0.314847  -0.935129 0.768925 -0.0819457  0.428477  -0.899829 0.453846
0 0 0 1 0 0 0 1
0.975724  -0.0603543  -0.210522 0.0353046 0.977475  0.0290277  -0.209044 -0.0917713
-0.0466905  -0.996504  0.0692861 -0.00156007 0.0468664  -0.99562  0.0808929 -0.00053166
-0.213968  -0.0577747  -0.975131 0.929559 -0.20578  -0.0888679  -0.974555 0.462204
0 0 0 1 0 0 0 1
0.998022  0.0602646  -0.0179167 -0.157407 0.996014  -0.0847166  -0.0279242 -0.0889067
0.0572291  -0.988778  -0.137995 0.0301532 -0.0874143  -0.98934  -0.11647 -0.00167349
-0.0260319  0.136697  -0.990271 0.658283 -0.0177596  0.118447  -0.992802 0.47203
0 0 0 1 0 0 0 1
0.992763  -0.081572  -0.0881387 -0.0051925 0.996009  0.00617721  -0.0890394 0.061681
-0.0762103  -0.995126  0.0625801 0.0801563 0.0148531  -0.995163  0.0971089 0.0153385
-0.0928139  -0.0554101  -0.99414 0.639338 -0.0880089  -0.0980439  -0.991283 0.47633
0 0 0 1 0 0 0 1
0.975341  -0.220216  -0.0146696 -0.0696686 0.98678  0.142246  -0.0776614 0.0233735
-0.205368  -0.929906  0.30512 0.0761731 0.160056  -0.9306  0.32919 0.0284949
-0.0808334  -0.294583  -0.952201 0.614308 -0.0254457  -0.337268  -0.941065 0.466915
0 0 0 1 0 0 0 1
0.985761  0.0145977  -0.167517 0.0250404 0.983246  0.0733338  -0.166881 -0.0348728
0.0270709  -0.997007  0.072419 -0.132534 0.0760284  -0.997057  0.0098072 -0.0231642
-0.165959  -0.0759226  -0.983206 0.826012 -0.165671  -0.0223306  -0.985928 0.471436
0 0 0 1 0 0 0 1
0.956654  -0.258113  -0.134873 0.0133204 0.981201  0.0594805  -0.183591 -0.0820323
-0.217008  -0.94065  0.26093 0.127188 0.1162  -0.94163  0.31596 0.0200603
-0.194218  -0.220352  -0.955889 0.886124 -0.154081  -0.331354  -0.93084 0.459615
0 0 0 1 0 0 0 1
0.948705  -0.316128  0.00465021 -0.101801 0.976991  0.181984  -0.111221 -0.0596804
-0.289409  -0.862412  0.415317 0.127793 0.212902  -0.863207  0.457763 0.0452626
-0.127283  -0.395359  -0.909665 0.709867 -0.0127008  -0.470909  -0.88209 0.451427
0 0 0 1 0 0 0 1
0.960643  -0.272447  -0.0541985 -0.0680353 0.988117  0.100617  -0.116192 -0.078864
-0.24454  -0.921977  0.300265 0.135725 0.136308  -0.922964  0.359942 0.0226768
-0.131776  -0.275194  -0.952315 0.777466 -0.0710248  -0.371503  -0.925711 0.462164
0 0 0 1 0 0 0 1
0.972467  0.229981  -0.0376454 -0.0898639 0.989462  -0.112192  -0.0915362 -0.0625529
0.210725  -0.936773  -0.279376 -0.103802 -0.136093  -0.936448  -0.323331 -0.0233318
-0.0995165  0.263751  -0.959444 0.720585 -0.0494438  0.332381  -0.941848 0.466156
0 0 0 1 0 0 0 1
0.99906  0.037356  -0.021988 -0.0794001 0.998002  -0.0576083  -0.0259573 0.0513538
0.0352592  -0.995402  -0.089056 0.0363509 -0.0594147  -0.995394  -0.0752404 0.0113554
-0.0252136  0.088197  -0.995784 0.543434 -0.0215033  0.0766323  -0.996828 0.47876
0 0 0 1 0 0 0 1
0.996834  0.0199457  -0.0769686 -0.105104 0.994266  -0.0689828  -0.081708 -0.100982
0.0128424  -0.995704  -0.0917033 0.059739 -0.0738406  -0.995582  -0.0580012 -0.00290075
-0.078467  0.0904246  -0.992807 0.755447 -0.0773459  0.063702  -0.994967 0.474305
0 0 0 1 0 0 0 1
0.984728  -0.1687  -0.0430212 -0.102994 0.996372  0.0550225  -0.0649205 -0.0748593
-0.15894  -0.971955  0.173323 0.0927699 0.0682814  -0.972199  0.22398 -0.00246909
-0.0710544  -0.163839  -0.983925 0.712836 -0.0507917  -0.2276  -0.972429 0.475016
0 0 0 1 0 0 0 1
0.999956  0.00206413  -0.00912737 -0.146924 0.998629  0.0519333  -0.00653526 -0.0538783
0.00258351  -0.998356  0.0572638 -0.0624706 0.0520935  -0.998267  0.0273556 -0.00537949
-0.00899416  -0.0572849  -0.998317 0.607025 -0.00510327  -0.0276586  -0.999604 0.479827
0 0 0 1 0 0 0 1
0.982134  0.0847126  -0.168036 -0.00640177 0.986107  0.00768273  -0.165931 -0.100712
0.0773054  -0.995745  -0.0501549 -0.0830912 -0.00768562  -0.99575  -0.0917784 -0.0116426
-0.17157  0.0362687  -0.984504 0.887819 -0.165931  0.0917787  -0.981857 0.469576
0 0 0 1 0 0 0 1
0.997247  -0.0727071  -0.0145294 -0.0998943 0.994104  0.104065  -0.030455 0.0162787
-0.0693339  -0.983899  0.16473 -0.0227135 0.107342  -0.984199  0.140821 0.0168493
-0.0262725  -0.163269  -0.986232 0.568315 -0.0153193  -0.14326  -0.989567 0.478889
0 0 0 1 0 0 0 1
0.979309  0.165152  -0.116959 0.0145953 0.975315  -0.152552  -0.159652 0.0151133
0.12494  -0.94805  -0.29256 0.0503745 -0.190059  -0.94802  -0.255215 -0.0168672
-0.1592  0.271894  -0.949068 0.738296 -0.11242  0.279258  -0.953612 0.476144
0 0 0 1 0 0 0 1
0.978668  0.20514  -0.0112393 -0.0753549 0.985697  -0.153478  -0.0696128 0.0234071
0.191971  -0.932589  -0.305655 -0.0586929 -0.167782  -0.932502  -0.319825 -0.032366
-0.0731835  0.296977  -0.952076 0.601815 -0.0158281  0.326931  -0.944916 0.472389
0 0 0 1 0 0 0 1
0.99695  0.0761443  -0.0171375 -0.113393 0.992707  -0.115464  -0.0346583 -0.0190689
0.0718678  -0.981231  -0.178942 0.0425291 -0.1194  -0.981375  -0.150486 -0.00851812
-0.0304413  0.177165  -0.98371 0.604383 -0.016637  0.153527  -0.988004 0.479782
0 0 0 1 0 0 0 1
0.997462  -0.0137607  -0.0698586 -0.0374442 0.996638  -0.041563  -0.0706121 0.0269365
-0.0161938  -0.999278  -0.0343831 0.063357 -0.0419878  -0.999108  -0.00454135 0.000687945
-0.069335  0.0354272  -0.996964 0.643198 -0.0703603  0.00749092  -0.997494 0.483632
0 0 0 1 0 0 0 1
0.997038  -0.0445896  -0.0626637 -0.110106 0.997204  -0.0338495  -0.0666216 -0.100645
-0.0453391  -0.998916  -0.0105895 0.0697007 -0.0316372  -0.998921  0.0339857 -0.0103248
-0.0621236  0.0133992  -0.997979 0.741984 -0.0677001  -0.0317829  -0.997199 0.479788
0 0 0 1 0 0 0 1
0.993247  0.112884  -0.0267811 -0.134634 0.983191  -0.171631  -0.0622794 -0.0831661
0.101699  -0.958241  -0.267265 0.0635647 -0.181264  -0.95846  -0.220222 -0.0207091
-0.0558327  0.262737  -0.963251 0.676376 -0.0218954  0.22781  -0.973459 0.476746
0 0 0 1 0 0 0 1
1  0.000180736  0.000419122 -0.0973918 0.999996  0.000592595  0.00275195 0.0484132
0.000180627  -1  0.000261124 -0.0257231 0.00059801  -0.999998  -0.00196762 -0.0256641
0.00041917  -0.000261048  -1 0.512613 0.00275078  0.00196925  -0.999994 0.484404
0 0 0 1 0 0 0 1
0.961922  0.096527  -0.25571 0.2116 0.964525  0.0247699  -0.262828 0.0573841
0.0852013  -0.994843  -0.0550317 -0.0881177 -0.00132924  -0.99512  -0.098662 -0.00132795
-0.259703  0.0311494  -0.965186 0.892693 -0.263989  0.0955113  -0.959785 0.489207
0 0 0 1 0 0 0 1
0.996883  -0.0784428  -0.00848122 -0.157966 0.99973  0.0189191  -0.0134733 -0.0949027
-0.0776954  -0.994687  0.067544 0.0801708 0.0201732  -0.994782  0.100008 0.0193037
-0.0137345  -0.0666745  -0.99768 0.653368 -0.0115109  -0.100252  -0.994895 0.483507
0 0 0 1 0 0 0 1
0.979047  -0.141959  -0.145993 0.0536494 0.988619  0.00758169  -0.150251 0.0263173
-0.126963  -0.986076  0.107394 0.0940736 0.0325807  -0.985817  0.164629 -0.00559807
-0.159206  -0.0866084  -0.983439 0.763279 -0.146872  -0.167651  -0.974844 0.486892
0 0 0 1 0 0 0 1
0.947209  -0.310657  -0.0792902 0.00866827 0.966793  0.170632  -0.19025 -0.021907
-0.251221  -0.872795  0.41847 0.0482441 0.23797  -0.872486  0.426777 0.0335116
-0.199205  -0.376459  -0.904763 0.794454 -0.0931688  -0.457879  -0.884119 0.465893
0 0 0 1 0 0 0 1
0.934232  -0.325102  -0.146698 0.071554 0.975275  0.061897  -0.212149 -0.0538407
-0.265867  -0.908935  0.321171 0.146689 0.142665  -0.909484  0.390495 0.0152786
-0.237752  -0.261046  -0.93559 0.905745 -0.168776  -0.411106  -0.895827 0.468316
0 0 0 1 0 0 0 1
0.984463  0.141158  -0.10444 -0.0502924 0.993979  0.000391829  -0.10957 -0.0865293
0.13091  -0.986415  -0.0992355 -0.147209 -0.0175474  -0.986518  -0.162712 -0.0277685
-0.117029  0.0840215  -0.989568 0.802727 -0.108157  0.163655  -0.980571 0.478532
0 0 0 1 0 0 0 1
0.988846  0.050942  -0.139959 0.019393 0.989009  0.0706362  -0.129888 0.00428019
0.0575118  -0.997405  0.0433014 -0.125019 0.0673604  -0.997294  -0.0294491 0.00566631
-0.13739  -0.0508677  -0.98921 0.747871 -0.131616  0.0203761  -0.991091 0.487904
0 0 0 1 0 0 0 1
0.996444  -0.0840662  -0.00565538 -0.124267 0.999048  0.0417094  -0.012817 -0.033307
-0.083049  -0.991274  0.102363 0.0294218 0.0429499  -0.991818  0.120219 -0.0135622
-0.0142113  -0.101529  -0.994731 0.603385 -0.0076979  -0.120655  -0.992665 0.487751
0 0 0 1 0 0 0 1
0.953258  -0.151192  -0.261611 0.221023 0.954468  0.0772211  -0.288144 0.0442324
-0.096894  -0.973042  0.209284 -0.0512836 0.136246  -0.972131  0.190785 -0.00900789
-0.2862  -0.174153  -0.94221 0.922095 -0.265381  -0.221357  -0.938389 0.490569
0 0 0 1 0 0 0 1
0.997561  0.0693863  -0.00765219 -0.126396 0.998665  -0.0494227  -0.0150409 -0.0338161
0.0683311  -0.993007  -0.0962693 -0.0503344 -0.0507673  -0.99279  -0.108585 -0.0322271
-0.0142785  0.0955116  -0.995326 0.602335 -0.00956592  0.109204  -0.993973 0.486177
0 0 0 1 0 0 0 1
0.968884  0.129086  -0.211187 0.129387 0.969813  -0.0693399  -0.233784 0.00319691
0.0908292  -0.979136  -0.181778 0.0209823 -0.110559  -0.97955  -0.168102 -0.000403611
-0.230246  0.15694  -0.960394 0.88731 -0.217347  0.188874  -0.957647 0.485817
0 0 0 1 0 0 0 1
0.993093  -0.0230687  -0.11504 -0.0362523 0.986487  0.105752  -0.12514 -0.0757069
-0.00660735  -0.989921  0.141468 -0.122817 0.115422  -0.990652  0.0727087 -0.00804911
-0.117144  -0.139731  -0.983236 0.802156 -0.116282  -0.0861701  -0.989471 0.483708
0 0 0 1 0 0 0 1
0.911752  -0.40843  -0.0435209 0.0152436 0.965819  0.165546  -0.199472 -0.0285719
-0.338505  -0.807187  0.483595 0.14027 0.248884  -0.807333  0.535042 0.0462327
-0.232644  -0.426186  -0.874209 0.815733 -0.0724662  -0.566399  -0.820939 0.454242
0 0 0 1 0 0 0 1
0.963101  0.269011  0.00835448 -0.0986916 0.979203  -0.184962  -0.0833758 -0.0268817
0.252124  -0.890913  -0.377767 -0.0978389 -0.202881  -0.890163  -0.407981 -0.0456447
-0.0941803  0.365934  -0.925863 0.650091 0.0012428  0.416412  -0.909175 0.470339
0 0 0 1 0 0 0 1
0.999452  0.033113  0.000139257 -0.166886 0.999529  -0.0306078  -0.00242116 -0.106845
0.0330584  -0.997543  -0.061763 0.019634 -0.0306965  -0.997863  -0.0576743 0.0228429
-0.00190624  0.0617337  -0.998091 0.655369 -0.000650696  0.0577215  -0.998333 0.491509
0 0 0 1 0 0 0 1
0.98942  -0.0856383  -0.117111 -0.0191699 0.993268  -0.002492  -0.115811 -0.0381441
-0.0792132  -0.995142  0.0584673 0.104704 0.00877454  -0.995278  0.0966726 0.0293108
-0.121549  -0.048572  -0.991396 0.766435 -0.115505  -0.097038  -0.988556 0.487236
0 0 0 1 0 0 0 1
0.979668  -0.200468  -0.00795642 -0.137616 0.980515  0.182535  -0.0725965 -0.0956775
-0.186315  -0.923783  0.334533 0.0188124 0.196305  -0.924249  0.327458 0.0294292
-0.0744132  -0.326249  -0.94235 0.694632 -0.00732462  -0.335329  -0.942073 0.479443
0 0 0 1 0 0 0 1
0.934827  0.354963  -0.00995786 -0.0615621 0.976365  -0.164521  -0.14016 -0.0697222
0.316874  -0.846519  -0.42778 -0.15622 -0.212704  -0.846447  -0.488144 -0.0451957
-0.160276  0.396745  -0.903828 0.772112 -0.0383286  0.506419  -0.861435 0.461479
0 0 0 1 0 0 0 1
0.991464  0.0984784  -0.0854517 -0.0741201 0.988154  -0.108059  -0.108968 -0.0964868
0.0803527  -0.977632  -0.194366 0.04349 -0.125384  -0.977905  -0.167275 -0.00297519
-0.102681  0.185841  -0.9772 0.783949 -0.0884845  0.178956  -0.97987 0.486855
0 0 0 1 0 0 0 1
0.990839  0.0659275  -0.117859 0.053194 0.989986  -0.0592021  -0.128154 0.0775541
0.0524228  -0.992071  -0.114222 0.00466023 -0.0725176  -0.992152  -0.101861 -0.016539
-0.124455  0.106998  -0.986439 0.683228 -0.121118  0.110135  -0.986509 0.497176
0 0 0 1 0 0 0 1
0.982905  -0.00452324  -0.184056 0.0963164 0.983309  -0.0294947  -0.179536 0.0353457
-0.010283  -0.999486  -0.0303512 0.063465 -0.0316423  -0.999458  -0.00910888 0.0191602
-0.183824  0.031725  -0.982447 0.799199 -0.17917  0.0146378  -0.983709 0.496852
0 0 0 1 0 0 0 1
0.952257  0.150445  -0.265657 0.239996 0.959346  -0.0275444  -0.280886 0.0576326
0.112036  -0.981648  -0.154322 -0.0212526 -0.0794667  -0.981324  -0.175182 0.0129539
-0.283998  0.117191  -0.951636 0.919915 -0.270815  0.190381  -0.943618 0.499268
0 0 0 1 0 0 0 1
0.992241  0.0904968  -0.0852507 -0.0267569 0.994671  -0.0508063  -0.0897082 -0.00293614
0.0806893  -0.990404  -0.112201 -0.00789625 -0.062296  -0.989513  -0.130317 0.0109256
-0.0945864  0.104451  -0.990022 0.699112 -0.0821466  0.135211  -0.987406 0.494684
0 0 0 1 0 0 0 1
0.977865  0.187829  -0.0921997 -0.031143 0.98855  -0.0841281  -0.125269 -0.0644589
0.163332  -0.960638  -0.224716 -0.0504397 -0.114064  -0.960099  -0.255342 0.00101937
-0.130779  0.204683  -0.970053 0.792759 -0.098789  0.266707  -0.958701 0.48811
0 0 0 1 0 0 0 1
0.888135  -0.458488  0.0317068 -0.0357745 0.952787  0.224146  -0.204831 -0.0427447
-0.391534  -0.718702  0.574603 0.152483 0.303568  -0.717824  0.626558 0.0602299
-0.240661  -0.522739  -0.817818 0.782909 -0.00659222  -0.659157  -0.751977 0.438333
0 0 0 1 0 0 0 1
0.992317  -0.122383  -0.0181382 -0.0509274 0.996227  0.0793935  -0.0350354 0.0644463
-0.117676  -0.978906  0.167018 0.0350634 0.0845442  -0.979001  0.185498 -1.20354e-05
-0.0381958  -0.163601  -0.985787 0.551291 -0.0195724  -0.187761  -0.98202 0.49547
0 0 0 1 0 0 0 1
0.987044  -0.0161427  -0.159637 -0.00325705 0.984455  -0.070892  -0.160693 -0.102995
-0.0284083  -0.99679  -0.0748536 0.100942 -0.0735153  -0.99724  -0.0104308 -0.0051098
-0.157916  0.0784188  -0.984334 0.881937 -0.15951  0.0220821  -0.986949 0.487111
0 0 0 1 0 0 0 1
0.99364  -0.0748717  -0.0841025 -0.0806853 0.985904  0.128831  -0.106747 -0.110385
-0.057595  -0.979752  0.191754 -0.0793835 0.143997  -0.978248  0.149314 0.0131314
-0.0967565  -0.18569  -0.977833 0.793139 -0.0851892  -0.162581  -0.983011 0.488254
0 0 0 1 0 0 0 1
0.966318  -0.215664  -0.140419 0.0508274 0.986533  0.0178801  -0.162579 -0.0303179
-0.189141  -0.965169  0.180761 0.138169 0.0588942  -0.966164  0.251114 0.000709009
-0.174512  -0.148114  -0.973452 0.836055 -0.152588  -0.257307  -0.954206 0.489608
0 0 0 1 0 0 0 1
0.995513  -0.0930874  -0.0169826 -0.0752351 0.99954  0.0215356  -0.021355 0.0251455
-0.0915033  -0.992762  0.077783 0.04496 0.0239525  -0.992452  0.120274 -0.0253962
-0.0241003  -0.07588  -0.996826 0.574504 -0.0186036  -0.12073  -0.992511 0.498154
0 0 0 1 0 0 0 1
0.96564  -0.259803  0.0064275 -0.0724059 0.978691  0.187886  -0.0828418 0.00920415
-0.242934  -0.893601  0.377439 0.0733563 0.205337  -0.893825  0.39864 0.0349765
-0.0923164  -0.366032  -0.926012 0.621749 0.000852767  -0.407156  -0.913358 0.481598
0 0 0 1 0 0 0 1
0.994388  -0.0510263  -0.0926734 0.0290884 0.99509  0.0239724  -0.0960252 0.0845344
-0.0448998  -0.99674  0.0670325 -0.0152858 0.0308982  -0.996976  0.0712998 -0.0302399
-0.0957917  -0.0624953  -0.993438 0.635692 -0.0940256  -0.0739168  -0.992822 0.501555
0 0 0 1 0 0 0 1
0.988582  -0.132162  -0.0723856 -0.00129667 0.985273  0.134151  -0.106022 0.0482094
-0.111674  -0.965089  0.236921 -0.0424841 0.15448  -0.964182  0.215611 0.00173836
-0.101171  -0.226132  -0.968829 0.65152 -0.0733006  -0.228814  -0.970706 0.496935
0 0 0 1 0 0 0 1
0.992276  0.115994  -0.0439704 -0.111939 0.998837  -0.006549  -0.0477632 -0.103784
0.112352  -0.990617  -0.0778114 -0.0814296 -0.0130154  -0.990574  -0.136361 0.0232863
-0.0525835  0.0722702  -0.995998 0.73009 -0.04642  0.136824  -0.989507 0.49594
0 0 0 1 0 0 0 1
0.998991  0.0123455  -0.0431796 -0.12656 0.997151  0.0630988  -0.0413345 -0.104539
0.0153396  -0.997449  0.06971 -0.0649889 0.0639715  -0.997748  0.0201412 0.0181858
-0.0422088  -0.070302  -0.996632 0.709432 -0.0399706  -0.022728  -0.998942 0.495724
0 0 0 1 0 0 0 1
0.995774  -0.0236676  -0.0887349 0.0268245 0.995799  -0.0363481  -0.084045 0.0977355
-0.0262046  -0.999277  -0.0275357 0.0556691 -0.0360595  -0.999337  0.00494998 -0.0109474
-0.0880191  0.0297446  -0.995675 0.609735 -0.0841692  -0.00189857  -0.99645 0.501902
0 0 0 1 0 0 0 1
0.936933  -0.34228  -0.0707176 0.0181989 0.983301  0.0939554  -0.15586 -0.0425217
-0.297655  -0.887472  0.351845 0.165395 0.153558  -0.887979  0.43349 0.0115921
-0.18319  -0.308606  -0.933383 0.818167 -0.0976714  -0.450185  -0.887578 0.480971
0 0 0 1 0 0 0 1
0.994979  0.0763156  -0.064744 0.0128657 0.997604  -0.000713965  -0.0691832 0.097616
0.0734025  -0.99623  -0.0462422 -0.0424363 -0.00685624  -0.996045  -0.0885861 0.0274589
-0.0680289  0.0412576  -0.99683 0.587192 -0.0688463  0.0888482  -0.993663 0.504398
0 0 0 1 0 0 0 1
0.974899  -0.0418246  -0.218682 0.169269 0.976762  0.00840666  -0.214163 0.0729151
-0.0339911  -0.998643  0.0394633 0.0207068 0.0197525  -0.998509  0.0508928 0.00652707
-0.220035  -0.0310396  -0.974998 0.82409 -0.213416  -0.0539404  -0.975471 0.505855
0 0 0 1 0 0 0 1
0.999362  0.0354403  0.00446051 -0.0575669 0.999347  -0.0361198  -7.74591e-05 0.104598
0.0356528  -0.997327  -0.0637746 -0.00520799 -0.0360531  -0.997367  -0.0629156 -0.00606034
0.0021884  0.0638929  -0.997954 0.468942 0.00219524  0.0628773  -0.998019 0.500129
0 0 0 1 0 0 0 1
0.99453  0.0669439  -0.0801811 -0.0246772 0.996753  0.0237386  -0.0769372 0.00383882
0.0655881  -0.997658  -0.0194282 -0.0680921 0.0188171  -0.997768  -0.0640737 0.0211418
-0.0812939  0.014063  -0.996591 0.683203 -0.0782865  0.062418  -0.994975 0.501002
0 0 0 1 0 0 0 1
0.999792  -0.0172887  0.0108159 -0.122602 0.999364  -0.0341319  0.0102922 -0.0139715
-0.0169442  -0.99937  -0.0311702 0.0388722 -0.0341418  -0.999417  0.000787894 -0.0154606
0.0113479  0.0309805  -0.999456 0.558281 0.0102593  -0.00113879  -0.999947 0.501466
0 0 0 1 0 0 0 1
0.997736  0.00311272  -0.0671842 -0.0658462 0.996831  -0.0334326  -0.0721883 -0.0495914
0.000310061  -0.999131  -0.0416861 0.00881863 -0.035131  -0.999132  -0.0223865 -0.0273115
-0.0672556  0.0415709  -0.996869 0.713207 -0.0713772  0.0248516  -0.99714 0.499293
0 0 0 1 0 0 0 1
0.929552  0.365885  0.0453979 -0.104856 0.950126  -0.27173  -0.153046 -0.0552717
0.329547  -0.769327  -0.547298 -0.0816196 -0.31001  -0.769467  -0.558402 -0.0609136
-0.165322  0.523703  -0.835706 0.700028 0.0339708  0.577999  -0.81533 0.455478
0 0 0 1 0 0 0 1
0.993179  -0.116537  -0.00393218 -0.138777 0.989286  0.141746  -0.0349332 -0.0859946
-0.112419  -0.96595  0.233031 -0.0154846 0.145947  -0.965939  0.213685 0.0189831
-0.030955  -0.230999  -0.972461 0.66122 -0.0034542  -0.216494  -0.976278 0.495961
0 0 0 1 0 0 0 1
0.993252  0.112713  -0.0273217 -0.0286138 0.996271  -0.071914  -0.0476705 0.0752766
0.107365  -0.9827  -0.150908 -0.0230287 -0.0789712  -0.982599  -0.168115 0.00632452
-0.0438584  0.146956  -0.98817 0.56306 -0.0347512  0.171252  -0.984614 0.503071
0 0 0 1 0 0 0 1
0.988833  0.102363  -0.108313 -0.00318358 0.98359  -0.124396  -0.130672 -0.0201425
0.0773702  -0.973777  -0.213944 0.0791015 -0.146197  -0.973966  -0.173256 0.00712005
-0.127373  0.203175  -0.970822 0.752888 -0.105718  0.189517  -0.97617 0.499194
0 0 0 1 0 0 0 1
0.99017  -0.08679  -0.109687 -0.0114683 0.98327  0.127222  -0.130364 -0.0377776
-0.062589  -0.976242  0.207448 -0.0741523 0.147336  -0.976302  0.158514 0.0158092
-0.125085  -0.198543  -0.972077 0.769359 -0.107108  -0.175069  -0.978713 0.496447
0 0 0 1 0 0 0 1
0.992484  -0.0923103  -0.0803381 -0.0474577 0.99372  0.0632089  -0.0923299 -0.0506095
-0.080802  -0.987368  0.136293 -0.00948903 0.0755755  -0.987649  0.137254 -0.0148788
-0.0919045  -0.128777  -0.987406 0.741257 -0.0825138  -0.14337  -0.986223 0.499766
0 0 0 1 0 0 0 1
0.999374  -0.0304342  -0.0180322 -0.0322172 0.999852  -0.00296366  -0.0169244 0.111521
-0.0301113  -0.999386  0.017916 0.0153418 -0.00236237  -0.999369  0.0354385 -0.0185841
-0.0185664  -0.0173618  -0.999677 0.495655 -0.0170188  -0.0353933  -0.999229 0.503791
0 0 0 1 0 0 0 1
0.944303  -0.328756  0.0145447 -0.0460747 0.973306  0.198758  -0.114762 0.00963328
-0.301166  -0.845551  0.440843 0.108647 0.229506  -0.846125  0.48104 0.0320625
-0.132631  -0.42067  -0.897466 0.658441 -0.00149194  -0.494538  -0.869155 0.481106
0 0 0 1 0 0 0 1
0.990899  0.131543  -0.028551 -0.0859277 0.987789  -0.142846  -0.0621945 -0.0331646
0.120194  -0.960164  -0.252265 0.0297628 -0.153326  -0.96213  -0.225381 -0.00600343
-0.0605973  0.246538  -0.967237 0.656623 -0.0276444  0.232165  -0.972283 0.498412
0 0 0 1 0 0 0 1
0.992351  -0.0704978  -0.101342 0.0417804 0.989663  0.0908719  -0.11095 0.0761985
-0.0547771  -0.987122  0.150301 -0.0366012 0.104352  -0.986975  0.122438 0.0184101
-0.110633  -0.1436  -0.983432 0.662903 -0.0983788  -0.13275  -0.986255 0.504768
0 0 0 1 0 0 0 1
0.991512  0.0543816  -0.118095 0.0422331 0.992502  0.0227841  -0.120086 0.0509001
0.0534706  -0.99851  -0.0108713 -0.109757 0.0166575  -0.99852  -0.0517779 -0.0376623
-0.118511  0.00446438  -0.992943 0.701968 -0.121088  0.0493894  -0.991412 0.504313
0 0 0 1 0 0 0 1
0.979496  -0.139939  -0.144927 0.0901922 0.988568  0.0105415  -0.150404 0.0721326
-0.123863  -0.98566  0.114599 0.112974 0.0353965  -0.985899  0.163553 0.0198708
-0.158886  -0.094298  -0.982783 0.729715 -0.146559  -0.167007  -0.975002 0.504591
0 0 0 1 0 0 0 1
0.989965  -0.126362  -0.0632564 -0.0970686 0.977181  0.184693  -0.104905 -0.110763
-0.102485  -0.950215  0.29426 -0.0928306 0.204866  -0.949949  0.235853 0.0146916
-0.0972903  -0.284824  -0.95363 0.766288 -0.0560936  -0.251963  -0.96611 0.492634
0 0 0 1 0 0 0 1
0.983351  0.176921  -0.0414795 -0.0167701 0.994182  -0.0774881  -0.0748134 0.0443506
0.165247  -0.96557  -0.200916 -0.0749214 -0.093632  -0.965071  -0.244685 0.000889995
-0.0755976  0.190716  -0.97873 0.629975 -0.0532401  0.250267  -0.966712 0.502163
0 0 0 1 0 0 0 1
0.982944  -0.175018  -0.0564817 -0.0219543 0.995422  0.0539049  -0.0789243 0.0049189
-0.163118  -0.97154  0.171763 0.0810575 0.0709575  -0.970024  0.23242 -0.0157934
-0.0849357  -0.15962  -0.983518 0.683205 -0.0640299  -0.236956  -0.969408 0.503003
0 0 0 1 0 0 0 1
0.95948  -0.264029  -0.0984233 0.0536217 0.977665  0.127663  -0.166953 0.0288035
-0.218412  -0.917558  0.332241 0.0807052 0.180449  -0.917131  0.355399 0.0417461
-0.17803  -0.297281  -0.938045 0.759832 -0.107747  -0.377587  -0.919684 0.491318
0 0 0 1 0 0 0 1
0.990386  0.0687117  -0.120063 -0.0315912 0.991702  0.0522142  -0.117475 -0.0854147
0.071575  -0.997241  0.0196967 -0.151577 0.0462421  -0.997523  -0.053002 -0.0288076
-0.118378  -0.0281009  -0.992571 0.811554 -0.119952  0.0471299  -0.99166 0.498375
0 0 0 1 0 0 0 1
0.999143  0.0162978  -0.0380461 -0.0678914 0.998401  0.0399769  -0.0399582 -0.00404148
0.0177179  -0.999147  0.0372933 -0.0737614 0.0401871  -0.999182  0.0044692 -0.0125846
-0.0374058  -0.0379354  -0.99858 0.629314 -0.0397469  -0.00606786  -0.999191 0.505093
0 0 0 1 0 0 0 1
0.899229  0.43656  -0.0283159 0.0139786 0.955448  -0.192876  -0.223421 -0.0419219
0.354456  -0.764988  -0.537731 -0.129076 -0.289172  -0.763368  -0.577624 -0.0587074
-0.256414  0.473507  -0.842641 0.834581 -0.059143  0.616497  -0.785133 0.454266
0 0 0 1 0 0 0 1
0.994173  -0.0478134  -0.0966105 -0.050315 0.993777  -0.0510166  -0.0990163 -0.0839508
-0.0510144  -0.998219  -0.0309381 0.140956 -0.0480151  -0.998319  0.0324646 0.0360637
-0.0949591  0.0356863  -0.994841 0.785165 -0.100506  -0.0275083  -0.994556 0.501045
0 0 0 1 0 0 0 1
0.990111  0.0465015  -0.132358 0.0237705 0.989936  -0.0314927  -0.137967 -0.0176852
0.0376046  -0.996912  -0.0689434 -0.0240401 -0.0411165  -0.996874  -0.0674686 -0.0267095
-0.135155  0.0632843  -0.988801 0.785011 -0.135411  0.0724623  -0.988136 0.503145
0 0 0 1 0 0 0 1
0.986751  -0.162238  0.00128301 -0.0593452 0.98738  0.152857  -0.0414259 0.0582368
-0.156508  -0.949756  0.271052 0.0090752 0.158359  -0.949752  0.269989 0.011636
-0.0427565  -0.267662  -0.962564 0.54349 0.00192547  -0.273142  -0.961972 0.502983
0 0 0 1 0 0 0 1
0.97383  0.164119  -0.157224 0.0541954 0.986821  0.0168921  -0.160931 -0.0404438
0.150073  -0.983859  -0.0974663 -0.132114 -0.0124747  -0.983635  -0.179741 0.013523
-0.170683  0.0713205  -0.982741 0.849043 -0.161334  0.17938  -0.970461 0.502122
0 0 0 1 0 0 0 1
0.932638  -0.359686  0.0285019 -0.0900639 0.968517  0.214264  -0.126751 -0.0701238
-0.328936  -0.81512  0.476844 0.137469 0.248775  -0.814054  0.524811 0.0510127
-0.148282  -0.454098  -0.878526 0.731532 0.00926575  -0.539821  -0.841729 0.468422
0 0 0 1 0 0 0 1
0.980077  -0.19505  -0.0374803 -0.0955907 0.990234  0.113988  -0.0802668 -0.0992869
-0.179673  -0.951094  0.251274 0.0682912 0.132277  -0.950043  0.282705 0.0205686
-0.0846582  -0.239533  -0.96719 0.750735 -0.044032  -0.290561  -0.955843 0.496261
0 0 0 1 0 0 0 1
0.991957  -0.0467563  -0.11762 0.0104225 0.993644  0.0153171  -0.11152 -0.00513938
-0.0417073  -0.998115  0.0450293 -0.00630301 0.021905  -0.998071  0.0580903 -0.0275268
-0.119504  -0.0397616  -0.992037 0.744532 -0.110415  -0.060164  -0.992063 0.508422
0 0 0 1 0 0 0 1
0.96077  0.261995  -0.0909889 0.0377381 0.981838  -0.109807  -0.154717 0.011655
0.223014  -0.924834  -0.308134 -0.110799 -0.158166  -0.924108  -0.347861 -0.041778
-0.164879  0.275754  -0.946982 0.762435 -0.104778  0.366014  -0.924692 0.494382
0 0 0 1 0 0 0 1
0.993661  0.0860217  -0.0723747 -0.00159863 0.986287  -0.137572  -0.0911724 0.0455572
0.0689171  -0.974757  -0.212367 0.0675741 -0.151428  -0.974018  -0.168403 -0.0207895
-0.088816  0.206033  -0.974506 0.645715 -0.065636  0.179899  -0.981493 0.507612
0 0 0 1 0 0 0 1
0.988079  0.0859527  -0.127722 -0.019243 0.973146  -0.172897  -0.151965 -0.0892288
0.0507561  -0.965121  -0.256837 0.148621 -0.198569  -0.964469  -0.174269 -0.0070885
-0.145343  0.247293  -0.957978 0.829183 -0.116435  0.199765  -0.972901 0.498998
0 0 0 1 0 0 0 1
0.970642  0.215014  -0.10781 -0.0185541 0.974807  -0.14555  -0.169019 -0.0922891
0.170413  -0.931062  -0.322618 -0.00540107 -0.192812  -0.930828  -0.310455 -0.0262219
-0.169745  0.294774  -0.94037 0.849256 -0.112141  0.335223  -0.935441 0.491591
0 0 0 1 0 0 0 1
0.96677  -0.247044  -0.0657657 -0.0132673 0.982468  0.137966  -0.125387 -0.0213672
-0.213846  -0.922444  0.321509 0.0561886 0.173784  -0.921237  0.348026 0.0150273
-0.140092  -0.296761  -0.94462 0.744 -0.0674958  -0.363715  -0.929062 0.498645
0 0 0 1 0 0 0 1
0.974152  0.217646  -0.0604882 -0.00790698 0.965851  -0.216686  -0.142053 0.0124783
0.177086  -0.902025  -0.393688 0.0556582 -0.253806  -0.901492  -0.350563 -0.0264436
-0.140247  0.3728  -0.917252 0.694759 -0.0520972  0.374645  -0.925703 0.499072
0 0 0 1 0 0 0 1
0.993924  -0.0410511  -0.102122 0.0133018 0.99382  -0.0331302  -0.105948 0.0101883
-0.0423068  -0.999053  -0.01016 0.117034 -0.0297545  -0.999003  0.0332856 0.0409024
-0.101608  0.0144187  -0.99472 0.720668 -0.106945  -0.0299274  -0.993814 0.510134
0 0 0 1 0 0 0 1
0.992435  -0.0385816  -0.116551 0.0716566 0.992028  0.0440577  -0.118061 0.0981971
-0.0300039  -0.996771  0.0744751 0.0052587 0.0516639  -0.996728  0.062159 0.0282489
-0.119048  -0.0704147  -0.990389 0.663318 -0.114936  -0.067763  -0.991059 0.51534
0 0 0 1 0 0 0 1
0.999283  -0.0357929  0.0123797 -0.154943 0.998701  -0.0481187  0.0167781 -0.0895822
-0.0353685  -0.998831  -0.0329514 0.0555728 -0.0483345  -0.99875  0.0126999 -0.0325013
0.0135447  0.0324899  -0.99938 0.619946 0.016146  -0.0134943  -0.999779 0.51249
0 0 0 1 0 0 0 1
0.99583  0.0911427  0.00392711 -0.154876 0.996789  -0.0796537  -0.00819542 -0.111866
0.0907863  -0.985871  -0.140772 -0.0503937 -0.0799632  -0.984791  -0.154246 -0.0393463
-0.00895869  0.140541  -0.990034 0.66853 0.00421548  0.154406  -0.987999 0.507026
0 0 0 1 0 0 0 1
0.967028  -0.221379  -0.12589 0.0456129 0.960646  0.186293  -0.206043 -0.0291712
-0.160243  -0.913134  0.374845 -0.0734913 0.247006  -0.91223  0.32684 0.0183233
-0.197937  -0.342312  -0.9185 0.828468 -0.127071  -0.364871  -0.922346 0.497329
0 0 0 1 0 0 0 1
0.942581  0.332538  0.0309706 -0.0617712 0.967839  -0.223375  -0.115721 0.000784818
0.307469  -0.827824  -0.469223 -0.110072 -0.251052  -0.828077  -0.50126 -0.0511579
-0.130396  0.451803  -0.882537 0.650017 0.0161428  0.514191  -0.857524 0.480946
0 0 0 1 0 0 0 1
0.978483  -0.206323  -0.00120776 -0.136272 0.962163  0.253887  -0.0989099 -0.110863
-0.186848  -0.888576  0.418952 -0.0525372 0.272403  -0.888038  0.370386 0.0364252
-0.0875126  -0.409712  -0.908008 0.707986 0.00620032  -0.383315  -0.923597 0.49113
0 0 0 1 0 0 0 1
0.958497  -0.260249  -0.116418 0.0509166 0.985756  0.0611273  -0.156677 -0.0154438
-0.224818  -0.941056  0.252725 0.159359 0.109222  -0.941095  0.320017 0.0396982
-0.175327  -0.216064  -0.960509 0.813232 -0.127886  -0.332571  -0.934367 0.497425
0 0 0 1 0 0 0 1
0.977766  -0.143228  -0.153164 0.0460802 0.985775  0.00747638  -0.167904 -0.0613149
-0.126343  -0.985316  0.114848 0.0826951 0.03581  -0.985414  0.166364 -0.0122528
-0.167365  -0.0929434  -0.981504 0.870846 -0.164211  -0.17001  -0.971664 0.506059
0 0 0 1 0 0 0 1
0.995738  0.0922198  -0.000844505 -0.0707351 0.995389  -0.0944957  -0.016448 0.0481533
0.0908593  -0.982535  -0.162385 -0.0364661 -0.0959142  -0.981804  -0.163897 -0.0428491
-0.0158049  0.161617  -0.986727 0.535533 -0.000661213  0.164719  -0.98634 0.509025
0 0 0 1 0 0 0 1
0.998309  0.0176255  -0.055389 -0.0263447 0.99338  -0.0985513  -0.0590297 0.0360999
0.010175  -0.991195  -0.13202 0.0696875 -0.102659  -0.992168  -0.0711574 -0.0267385
-0.0572282  0.131233  -0.989698 0.618675 -0.0515548  0.0767463  -0.995717 0.513746
0 0 0 1 0 0 0 1
0.977452  -0.168388  -0.12741 0.0367539 0.979611  0.112676  -0.166333 -0.0262125
-0.131901  -0.958084  0.254317 0.00507093 0.151078  -0.958896  0.240195 0.025546
-0.164893  -0.231777  -0.958692 0.814341 -0.132432  -0.260427  -0.956368 0.503801
0 0 0 1 0 0 0 1
0.99871  0.0445324  -0.0244001 -0.132396 0.999724  0.00778402  -0.02216 -0.108445
0.0440903  -0.998859  -0.0183656 -0.100494 0.00674347  -0.998889  -0.0466498 -0.0477418
-0.0251901  0.0172661  -0.999534 0.694532 -0.0224985  0.0464875  -0.998665 0.511552
0 0 0 1 0 0 0 1
0.991092  -0.133114  0.00425924 -0.0957192 0.992854  0.117561  -0.0204842 -0.00881246
-0.131018  -0.96874  0.210659 0.03488 0.119178  -0.968103  0.220392 0.0228649
-0.0239157  -0.209341  -0.97755 0.59016 0.00607875  -0.221259  -0.975196 0.509701
0 0 0 1 0 0 0 1
0.986477  0.163692  -0.0082626 -0.137574 0.972137  -0.221312  -0.0772634 -0.118674
0.150194  -0.923017  -0.354234 0.0550662 -0.234385  -0.922666  -0.306188 -0.0352975
-0.0656117  0.348203  -0.93512 0.712439 -0.00352512  0.315766  -0.94883 0.498465
0 0 0 1 0 0 0 1
0.972638  -0.209065  -0.101325 0.0673083 0.989318  0.0595195  -0.133069 0.059694
-0.183316  -0.958553  0.218109 0.0988732 0.0933549  -0.959784  0.264764 0.00464096
-0.142725  -0.193567  -0.97065 0.713341 -0.111959  -0.274358  -0.955088 0.51357
0 0 0 1 0 0 0 1
0.998925  -0.0458242  0.00694622 -0.0514245 0.997089  0.0762404  -0.000710344 0.10158
-0.0463182  -0.992363  0.114329 0.00975432 0.0759608  -0.992543  0.0953312 0.0414303
0.00165415  -0.114527  -0.993419 0.471862 0.00656304  -0.0951076  -0.995445 0.51208
0 0 0 1 0 0 0 1
0.998156  -0.0585272  -0.0160833 -0.129808 0.992938  0.114723  -0.0301999 -0.100932
