0.993564  0.0982475  -0.0563775 -0.125047 0.998009  -0.013709  -0.0615648 -0.0414476
0.0935687  -0.992364  -0.0803652 -0.0866522 -0.0212397  -0.992131  -0.123388 -0.0079829
-0.0638427  0.0745728  -0.99517 0.661556 -0.0593889  0.12445  -0.990447 0.430194
0 0 0 1 0 0 0 1
0.994381  -0.0736308  -0.0760551 -0.115884 0.996072  0.0370826  -0.0804099 -0.0669229
-0.0669072  -0.993919  0.0874597 0.0275984 0.0455621  -0.993287  0.106322 0.00443224
-0.0820323  -0.0818797  -0.993261 0.716554 -0.0759274  -0.109568  -0.991075 0.437024
0 0 0 1 0 0 0 1
0.991016  -0.115683  -0.0671161 -0.0844507 0.99642  0.0364633  -0.0762742 0.00506804
-0.107012  -0.986879  0.120908 0.0741697 0.0481883  -0.986258  0.158031 0.0112274
-0.0802225  -0.11264  -0.990392 0.644259 -0.0694636  -0.161141  -0.984484 0.440555
0 0 0 1 0 0 0 1
0.997358  -0.0395841  -0.0609081 -0.124442 0.997526  -0.0274644  -0.0647043 -0.0543938
-0.0401121  -0.999167  -0.00746918 0.0811366 -0.0256975  -0.999278  0.0279822 0.0107876
-0.0605617  0.00989259  -0.998115 0.676285 -0.0654261  -0.0262502  -0.997512 0.44027
0 0 0 1 0 0 0 1
0.995439  0.0527204  -0.07951 -0.0369605 0.996882  0.00436839  -0.0787823 0.066136
0.050572  -0.998305  -0.028798 -0.0659779 -0.000188314  -0.998332  -0.0577392 -0.0126388
-0.0808935  0.0246457  -0.996418 0.605208 -0.0789031  0.057574  -0.995218 0.450836
0 0 0 1 0 0 0 1
0.994832  -0.0480941  -0.0894232 -0.0670831 0.995217  0.0364954  -0.0906115 -0.00686278
-0.041953  -0.996711  0.0693308 -0.0143743 0.0431173  -0.996455  0.0722319 -0.00735562
-0.0924635  -0.065221  -0.993578 0.681902 -0.0876542  -0.0757934  -0.993263 0.449303
0 0 0 1 0 0 0 1
0.999809  0.00871319  -0.0174679 -0.124854 0.999028  0.0394915  -0.0195924 0.0110946
0.00938605  -0.999202  0.0388148 -0.0434722 0.0397125  -0.99915  0.0110246 0.00600739
-0.0171158  -0.0389713  -0.999094 0.561877 -0.0191404  -0.0117919  -0.999747 0.452078
0 0 0 1 0 0 0 1
0.974795  -0.175685  -0.137512 0.0222446 0.98569  0.0633033  -0.156233 0.0281953
-0.146131  -0.968528  0.201493 0.0607413 0.0982767  -0.968808  0.22749 0.0098717
-0.168584  -0.17632  -0.969789 0.744394 -0.136959  -0.239589  -0.961166 0.45204
0 0 0 1 0 0 0 1
0.983006  0.120784  -0.138237 0.0135807 0.987582  -0.0572995  -0.14628 0.0254638
0.09967  -0.983554  -0.150623 -0.0211822 -0.0814623  -0.982931  -0.164953 -0.000962436
-0.154157  0.134285  -0.978879 0.737458 -0.134331  0.174821  -0.975394 0.454444
0 0 0 1 0 0 0 1
0.998944  0.0423664  -0.0177847 -0.163716 0.999494  0.0145575  -0.0282752 -0.0798154
0.0421506  -0.999035  -0.0123416 -0.0802126 0.0132307  -0.998828  -0.0465586 -0.0201659
-0.0182904  0.0115789  -0.999766 0.651313 -0.0289198  0.0461609  -0.998515 0.452162
0 0 0 1 0 0 0 1
0.983535  -0.174998  -0.0451067 -0.0705338 0.993041  0.0873081  -0.0790373 0.0208206
-0.161757  -0.963775  0.212066 0.0765639 0.104057  -0.964762  0.241674 0.0161953
-0.0805839  -0.201278  -0.976214 0.628142 -0.0551521  -0.248216  -0.967133 0.452723
0 0 0 1 0 0 0 1
0.991718  -0.0255312  -0.125875 0.0115456 0.991794  -0.0399465  -0.121448 0.072327
-0.0290898  -0.999225  -0.0265136 0.0841365 -0.0389685  -0.999186  0.0104177 0.0113437
-0.1251  0.0299557  -0.991692 0.656918 -0.121765  -0.00559952  -0.992543 0.459273
0 0 0 1 0 0 0 1
0.993176  0.100617  -0.0589658 -0.0725799 0.996576  -0.0404604  -0.0721121 0.0189425
0.0940253  -0.98996  -0.105537 -0.0618144 -0.0502474  -0.988941  -0.139538 -0.0158218
-0.0689926  0.0992722  -0.992666 0.627307 -0.0656689  0.142684  -0.987587 0.454698
0 0 0 1 0 0 0 1
0.987238  0.156205  -0.0310157 -0.137567 0.995769  -0.07433  -0.054033 -0.0712955
0.14781  -0.971243  -0.186653 -0.0804783 -0.084401  -0.972327  -0.217844 -0.0136459
-0.0592798  0.179686  -0.981936 0.676912 -0.0363454  0.221483  -0.974487 0.451235
0 0 0 1 0 0 0 1
0.973724  -0.20105  -0.106963 -0.0358574 0.989054  0.0423379  -0.141346 -0.0599662
-0.178587  -0.96557  0.189162 0.125732 0.077037  -0.965189  0.249951 0.0186441
-0.141311  -0.165089  -0.976103 0.804095 -0.125844  -0.258104  -0.957886 0.446984
0 0 0 1 0 0 0 1
0.99078  -0.00582382  -0.135357 -0.0706455 0.990711  0.0312092  -0.132357 -0.103154
-0.00112395  -0.999395  0.0347726 -0.0373711 0.035456  -0.998925  0.029851 -0.00280495
-0.135477  -0.0342999  -0.990187 0.8249 -0.131283  -0.0342665  -0.990753 0.449666
0 0 0 1 0 0 0 1
0.983343  -0.130909  -0.126092 -0.0561606 0.989569  0.050226  -0.135021 -0.0869011
-0.113046  -0.983719  0.139702 0.0429594 0.0728141  -0.983102  0.167954 0.0017203
-0.142327  -0.123121  -0.982132 0.818967 -0.124304  -0.176033  -0.976504 0.450873
0 0 0 1 0 0 0 1
0.982187  0.111575  -0.151196 0.0309906 0.98802  0.0266197  -0.152011 0.019419
0.104755  -0.993118  -0.0523669 -0.130491 0.00934169  -0.993521  -0.113264 -0.0106841
-0.155998  0.0355955  -0.987116 0.758677 -0.154041  0.110488  -0.981867 0.45863
0 0 0 1 0 0 0 1
0.999424  0.024722  -0.0232686 -0.121255 0.99742  -0.0655695  -0.0292115 -0.00350894
0.0225327  -0.995682  -0.0900572 0.0454273 -0.0673143  -0.995715  -0.0634 -0.00269625
-0.0253945  0.089481  -0.995665 0.584674 -0.0249293  0.0652028  -0.997561 0.459814
0 0 0 1 0 0 0 1
0.987454  -0.00357492  -0.157865 -0.00257518 0.988053  -0.0207293  -0.152715 -0.0342535
-0.00695652  -0.999758  -0.0208734 0.0303845 -0.0210288  -0.999779  -0.00034589 0.000256296
-0.157752  0.0217098  -0.98724 0.803001 -0.152674  0.00355317  -0.98827 0.458323
0 0 0 1 0 0 0 1
0.984162  -0.0783686  -0.159008 0.0528693 0.985246  -0.0387758  -0.166693 0.032887
-0.0769156  -0.99692  0.0152811 0.119373 -0.026779  -0.996926  0.0736244 0.0098452
-0.159716  -0.00280881  -0.987159 0.763143 -0.169036  -0.0680743  -0.983256 0.462581
0 0 0 1 0 0 0 1
0.9947  0.0322463  -0.0976284 -0.00919888 0.988665  -0.0925522  -0.118215 0.041344
0.0199828  -0.992071  -0.12408 0.0869635 -0.102881  -0.9911  -0.0844776 -0.00173477
-0.100855  0.121471  -0.987458 0.673168 -0.109344  0.0956822  -0.989388 0.462393
0 0 0 1 0 0 0 1
0.99222  -0.0695769  -0.103235 -0.0280521 0.988069  0.106515  -0.111238 0.0217329
-0.0516648  -0.984599  0.167021 -0.0671915 0.120784  -0.984051  0.130594 0.00472376
-0.113266  -0.160388  -0.980534 0.67863 -0.0955537  -0.142471  -0.985176 0.462011
0 0 0 1 0 0 0 1
0.999471  -0.0182391  -0.0269175 -0.0788595 0.999607  0.00460999  -0.027649 0.0746032
-0.0177137  -0.99965  0.0196318 0.0294435 0.00524901  -0.99972  0.0230838 0.0174716
-0.0272662  -0.0191447  -0.999445 0.520553 -0.0275349  -0.0232199  -0.999351 0.462642
0 0 0 1 0 0 0 1
0.993118  0.00628332  -0.116951 -0.0525546 0.990342  -0.0826464  -0.11132 -0.0386443
-0.00564248  -0.994833  -0.101363 0.104029 -0.0878423  -0.995223  -0.0426002 0.00614546
-0.116983  0.101326  -0.987951 0.73918 -0.107268  0.0519674  -0.992871 0.460194
0 0 0 1 0 0 0 1
0.983587  -0.0641087  -0.16866 0.0313337 0.983014  0.0556447  -0.174889 -0.00354771
-0.0474002  -0.993727  0.101294 -0.037863 0.0727357  -0.993017  0.092882 -0.00940759
-0.174096  -0.0916372  -0.980456 0.795796 -0.1685  -0.104025  -0.980197 0.46183
0 0 0 1 0 0 0 1
0.991481  0.0614612  -0.114838 -0.0547854 0.993857  0.0439771  -0.101557 -0.0384633
0.0630438  -0.997959  0.0101968 -0.118874 0.0389867  -0.997957  -0.0506127 -0.0107008
-0.113977  -0.0173497  -0.993332 0.734224 -0.103575  0.0463424  -0.993541 0.460916
0 0 0 1 0 0 0 1
0.978129  -0.206752  -0.0227297 -0.111786 0.992389  0.102919  -0.0676148 -0.0507774
-0.194963  -0.949422  0.246146 0.0995215 0.118286  -0.94938  0.291009 0.0203456
-0.0724712  -0.236331  -0.968966 0.677927 -0.0342417  -0.296792  -0.954328 0.458804
0 0 0 1 0 0 0 1
0.997451  -0.0665056  -0.0258498 -0.0754706 0.997999  0.0557149  -0.0299039 0.0697283
-0.0634219  -0.992355  0.105877 2.20287e-05 0.0585698  -0.992737  0.105083 -0.00459644
-0.0326936  -0.103968  -0.994043 0.530442 -0.0238321  -0.106624  -0.994014 0.466649
0 0 0 1 0 0 0 1
0.98705  0.111228  -0.115588 -0.0412515 0.988324  -0.0794566  -0.130007 -0.0481535
0.0915052  -0.982241  -0.163795 -0.00129234 -0.100212  -0.981718  -0.161824 -0.00968158
-0.131753  0.151097  -0.979699 0.773591 -0.114772  0.172963  -0.978218 0.461753
0 0 0 1 0 0 0 1
0.957418  -0.262459  -0.120275 0.0279166 0.985274  0.0617131  -0.15946 0.00237807
-0.225023  -0.939392  0.258664 0.127487 0.110727  -0.94092  0.320014 0.00841989
-0.180874  -0.220585  -0.95845 0.778045 -0.13029  -0.332958  -0.933897 0.461796
0 0 0 1 0 0 0 1
0.973535  0.19963  -0.111256 -0.0107815 0.990327  -0.0318383  -0.13505 -0.024627
0.179166  -0.968891  -0.170735 -0.135019 -0.0641997  -0.968008  -0.242569 -0.0149361
-0.141879  0.146283  -0.979016 0.770809 -0.123007  0.248893  -0.960688 0.461922
0 0 0 1 0 0 0 1
0.9984  -0.0526308  -0.020693 -0.151815 0.994941  0.0960585  -0.0294151 -0.0743346
-0.0492723  -0.989138  0.138486 -0.0375214 0.0989064  -0.987928  0.119229 0.0124795
-0.0277569  -0.137245  -0.990148 0.64763 -0.0176071  -0.121535  -0.992431 0.465479
0 0 0 1 0 0 0 1
0.986893  0.160497  -0.0168224 -0.100819 0.993427  -0.102839  -0.050267 -0.0025153
0.152855  -0.963115  -0.221461 -0.0690868 -0.111973  -0.96423  -0.240256 -0.0277606
-0.0517458  0.215987  -0.975024 0.611269 -0.0237613  0.244305  -0.969407 0.463915
0 0 0 1 0 0 0 1
0.982789  0.0431568  -0.179622 0.0149864 0.977803  -0.0816659  -0.192954 -0.0863607
0.0217378  -0.99259  -0.119548 0.0877359 -0.100137  -0.991076  -0.087985 0.00773352
-0.18345  0.113586  -0.976445 0.895184 -0.184047  0.105354  -0.977255 0.462245
0 0 0 1 0 0 0 1
0.949132  0.310245  -0.053822 -0.0282467 0.98216  -0.118568  -0.145957 -0.0345729
0.272325  -0.894593  -0.354319 -0.147019 -0.169331  -0.89521  -0.412221 -0.038467
-0.158074  0.321638  -0.933574 0.769392 -0.0817862  0.429582  -0.899317 0.454529
0 0 0 1 0 0 0 1
0.978292  -0.0605849  -0.198178 0.0353064 0.977728  0.0307552  -0.207611 -0.0917661
-0.0467363  -0.996175  0.0738299 -0.00152067 0.0477744  -0.99585  0.0774659 -0.00062739
-0.201893  -0.0629651  -0.977382 0.932815 -0.204367  -0.0856591  -0.975139 0.462357
0 0 0 1 0 0 0 1
0.998075  0.060384  -0.0141642 -0.157894 0.996075  -0.0838104  -0.0284827 -0.0888623
0.058058  -0.989924  -0.129152 0.0302021 -0.0866088  -0.989228  -0.118009 -0.00211493
-0.0218202  0.128081  -0.991524 0.659124 -0.0182855  0.120013  -0.992604 0.471274
0 0 0 1 0 0 0 1
0.99326  -0.0815628  -0.0823553 -0.00514222 0.99552  0.00765873  -0.0942421 0.0614618
-0.07583  -0.994626  0.0704941 0.0802607 0.0170558  -0.99491  0.0993153 0.0154055
-0.0876624  -0.0637739  -0.994107 0.640002 -0.0930018  -0.100478  -0.990583 0.476691
0 0 0 1 0 0 0 1
0.975192  -0.220829  -0.0153272 -0.0696105 0.986781  0.141358  -0.079251 0.0234413
-0.20576  -0.929824  0.305106 0.0761844 0.159766  -0.930524  0.329546 0.0280531
-0.0816277  -0.294383  -0.952195 0.614179 -0.0271609  -0.337852  -0.940807 0.466829
0 0 0 1 0 0 0 1
0.987442  0.0177503  -0.156984 0.0254482 0.98213  0.0754026  -0.172439 -0.0351954
0.0281287  -0.997544  0.0641386 -0.133083 0.0784603  -0.996857  0.0109759 -0.0232835
-0.15546  -0.0677489  -0.985516 0.825953 -0.171069  -0.0243094  -0.984959 0.471295
0 0 0 1 0 0 0 1
0.955275  -0.257287  -0.145783 0.0133239 0.980942  0.0583469  -0.185331 -0.0821455
-0.2159  -0.943675  0.250728 0.127567 0.11554  -0.942045  0.314963 0.0201929
-0.202081  -0.208039  -0.957018 0.8911 -0.156213  -0.330373  -0.930833 0.459945
0 0 0 1 0 0 0 1
0.947395  -0.320057  -0.00256077 -0.102079 0.976918  0.181557  -0.112557 -0.0599593
-0.290361  -0.862805  0.413833 0.128027 0.213155  -0.863139  0.457773 0.0452165
-0.134659  -0.391319  -0.910349 0.710871 -0.0140406  -0.471198  -0.881916 0.451469
0 0 0 1 0 0 0 1
0.961317  -0.270398  -0.0524817 -0.0680344 0.988211  0.101251  -0.114833 -0.0788747
-0.242481  -0.921154  0.304431 0.13599 0.136505  -0.922339  0.361464 0.0225862
-0.130661  -0.279929  -0.951087 0.775591 -0.0693159  -0.372878  -0.925288 0.462173
0 0 0 1 0 0 0 1
0.971895  0.232094  -0.0394101 -0.0894726 0.98966  -0.110654  -0.0912574 -0.0624326
0.211829  -0.935214  -0.283732 -0.103942 -0.134432  -0.937418  -0.321211 -0.0232458
-0.102709  0.267409  -0.958093 0.720426 -0.050003  0.330158  -0.9426 0.465831
0 0 0 1 0 0 0 1
0.999238  0.0378287  -0.00960341 -0.0793571 0.997782  -0.0575934  -0.0333742 0.051122
0.0368459  -0.995485  -0.0874783 0.0364323 -0.0600794  -0.995061  -0.0790174 0.0112123
-0.0128692  0.0870578  -0.99612 0.544267 -0.0286584  0.0808472  -0.996314 0.478562
0 0 0 1 0 0 0 1
0.997119  0.0194773  -0.0733111 -0.104901 0.994547  -0.0696801  -0.0775965 -0.100839
0.0115109  -0.994132  -0.107559 0.0588432 -0.0746811  -0.995182  -0.0635259 -0.00323043
-0.0749759  0.106406  -0.991492 0.754913 -0.0727962  0.0689745  -0.994959 0.474209
0 0 0 1 0 0 0 1
0.984875  -0.169533  -0.0357594 -0.102137 0.996242  0.0553552  -0.0666179 -0.0748463
-0.161078  -0.971928  0.17149 0.0929558 0.0690929  -0.971716  0.225821 -0.00248201
-0.0638288  -0.163136  -0.984537 0.71295 -0.0522333  -0.229575  -0.971888 0.474761
0 0 0 1 0 0 0 1
0.999978  0.000524936  -0.00658832 -0.146724 0.99858  0.0530312  -0.00513223 -0.0537576
0.000902148  -0.998352  0.057383 -0.0627146 0.053127  -0.998371  0.0208135 -0.00530494
-0.00654734  -0.0573877  -0.99833 0.607416 -0.0040201  -0.0210566  -0.99977 0.479074
0 0 0 1 0 0 0 1
0.984877  0.0827631  -0.152209 -0.00649741 0.985907  0.00675348  -0.167158 -0.1004
0.074834  -0.995559  -0.0571142 -0.0829619 -0.0089065  -0.995649  -0.0927571 -0.0114005
-0.15626  0.0448601  -0.986697 0.889325 -0.167057  0.0929387  -0.981557 0.469498
0 0 0 1 0 0 0 1
0.997135  -0.0738067  -0.0165911 -0.0998606 0.994262  0.103346  -0.0276133 0.0161694
-0.0700205  -0.983491  0.16686 -0.0223428 0.106278  -0.983685  0.145152 0.0172605
-0.0286326  -0.16522  -0.985841 0.567356 -0.012162  -0.147253  -0.989024 0.478886
0 0 0 1 0 0 0 1
0.9811  0.163152  -0.104034 0.0147082 0.975581  -0.152996  -0.15759 0.0149142
0.12775  -0.949965  -0.285037 0.049741 -0.190204  -0.947289  -0.257809 -0.0170961
-0.145333  0.26636  -0.952854 0.736533 -0.10984  0.281488  -0.953257 0.475743
0 0 0 1 0 0 0 1
0.978878  0.20422  -0.00955838 -0.0752058 0.985715  -0.152195  -0.0721325 0.0232387
0.191687  -0.933052  -0.304417 -0.0590892 -0.167382  -0.932779  -0.319228 -0.0323986
-0.0710864  0.296155  -0.952491 0.601409 -0.0186988  0.326741  -0.944929 0.472744
0 0 0 1 0 0 0 1
0.996913  0.0769266  -0.0156986 -0.113352 0.992661  -0.116013  -0.0341301 -0.0191072
0.0729485  -0.981493  -0.177058 0.0428611 -0.119957  -0.980363  -0.156518 -0.00886565
-0.0290285  0.175366  -0.984075 0.605194 -0.0153018  0.159463  -0.987085 0.479879
0 0 0 1 0 0 0 1
0.997425  -0.0137575  -0.0703869 -0.0375427 0.99643  -0.0440561  -0.0720221 0.0269067
-0.0168442  -0.998914  -0.0434498 0.0630344 -0.0445141  -0.998997  -0.00476563 0.000734554
-0.0697127  0.0445236  -0.996573 0.643425 -0.0717399  0.00795461  -0.997392 0.483106
0 0 0 1 0 0 0 1
0.996224  -0.0439372  -0.0748858 -0.110721 0.997251  -0.0333005  -0.0661877 -0.100663
-0.0454453  -0.998795  -0.0185538 0.0694825 -0.0310925  -0.998934  0.0341143 -0.0103509
-0.0739803  0.021887  -0.997019 0.741791 -0.0672532  -0.0319626  -0.997224 0.479451
0 0 0 1 0 0 0 1
0.993274  0.112583  -0.027063 -0.13456 0.983044  -0.172114  -0.0632531 -0.0829979
0.100941  -0.956422  -0.273986 0.0637717 -0.182021  -0.957678  -0.222984 -0.020636
-0.05673  0.269412  -0.961353 0.676431 -0.0221973  0.230717  -0.972768 0.47641
0 0 0 1 0 0 0 1
0.999994  -0.000129271  -0.00344669 -0.0974186 0.999999  -0.000795108  -0.00140433 0.0480771
-0.000137768  -0.999997  -0.00246518 -0.0255407 -0.000791781  -0.999997  0.00236809 -0.0253153
-0.00344636  0.00246564  -0.999991 0.512352 -0.00140621  -0.00236697  -0.999996 0.484981
0 0 0 1 0 0 0 1
0.96587  0.0921433  -0.242086 0.21147 0.964961  0.024148  -0.26128 0.0576075
0.0812872  -0.995201  -0.0544776 -0.0882878 -0.00198978  -0.995054  -0.0993135 -0.00129715
-0.245944  0.0329398  -0.968724 0.891081 -0.262386  0.0963536  -0.96014 0.489395
0 0 0 1 0 0 0 1
0.996865  -0.0786417  -0.00866664 -0.158483 0.999692  0.0198887  -0.01483 -0.0953175
-0.0778868  -0.994697  0.0671636 0.0805874 0.0213187  -0.994402  0.103489 0.0191774
-0.0139025  -0.066278  -0.997704 0.655175 -0.0126887  -0.103773  -0.99452 0.483748
0 0 0 1 0 0 0 1
0.98038  -0.141993  -0.136723 0.0537011 0.988622  0.00641229  -0.150282 0.026479
-0.127035  -0.98549  0.112567 0.0942159 0.0315102  -0.985752  0.165228 -0.00564612
-0.150722  -0.0929896  -0.984193 0.762704 -0.147081  -0.168083  -0.974738 0.486036
0 0 0 1 0 0 0 1
0.947778  -0.310401  -0.0732699 0.00899789 0.967322  0.170408  -0.187748 -0.0219749
-0.254208  -0.873968  0.414195 0.0481495 0.236589  -0.872914  0.426668 0.0336661
-0.192602  -0.373939  -0.907234 0.795383 -0.0911806  -0.457145  -0.884706 0.466019
0 0 0 1 0 0 0 1
0.933431  -0.327049  -0.147462 0.0714337 0.976621  0.0625411  -0.20567 -0.0537592
-0.267407  -0.908278  0.321752 0.146497 0.14082  -0.90901  0.392264 0.0157431
-0.239165  -0.260901  -0.93527 0.904597 -0.162423  -0.412056  -0.896565 0.467636
0 0 0 1 0 0 0 1
0.984115  0.141391  -0.107358 -0.0505329 0.993688  0.000562309  -0.112182 -0.0868649
0.132615  -0.987521  -0.0849404 -0.14684 -0.0172832  -0.987281  -0.158041 -0.0274614
-0.118028  0.0693539  -0.990585 0.80412 -0.110844  0.158982  -0.981039 0.478415
0 0 0 1 0 0 0 1
0.990057  0.0490188  -0.131846 0.0202645 0.989327  0.0695512  -0.128044 0.00444134
0.0555438  -0.997383  0.0462741 -0.125017 0.0667761  -0.997433  -0.0258454 0.00588726
-0.129233  -0.0531372  -0.99019 0.747802 -0.129513  0.0170193  -0.991432 0.486925
0 0 0 1 0 0 0 1
0.996388  -0.0847339  -0.00565903 -0.123958 0.999017  0.0413367  -0.0160159 -0.033315
-0.0837966  -0.991806  0.0964293 0.0295183 0.0429869  -0.991584  0.122121 -0.0136589
-0.0137835  -0.0956068  -0.995324 0.604408 -0.010833  -0.12269  -0.992386 0.488113
0 0 0 1 0 0 0 1
0.955881  -0.154234  -0.250007 0.22172 0.953967  0.0779055  -0.289615 0.0440882
-0.100323  -0.971306  0.21564 -0.051357 0.136432  -0.972697  0.187742 -0.00872161
-0.276092  -0.181044  -0.943926 0.922159 -0.267082  -0.218613  -0.93855 0.490257
0 0 0 1 0 0 0 1
0.997465  0.069535  -0.0151279 -0.127267 0.998631  -0.0497704  -0.0160866 -0.0337452
0.0677039  -0.992767  -0.0991424 -0.050385 -0.0512365  -0.992671  -0.109453 -0.0323456
-0.0219123  0.0978668  -0.994958 0.603068 -0.0105212  0.110127  -0.993862 0.485972
0 0 0 1 0 0 0 1
0.970196  0.131276  -0.203682 0.129366 0.970123  -0.0696041  -0.232415 0.00322634
0.0913411  -0.976662  -0.194389 0.0207174 -0.110404  -0.979681  -0.167441 -0.00056838
-0.224447  0.169991  -0.959545 0.888069 -0.216038  0.188098  -0.958095 0.48591
0 0 0 1 0 0 0 1
0.99039  -0.0228529  -0.136403 -0.0367524 0.985999  0.104632  -0.129839 -0.0758523
-0.00406394  -0.990637  0.136464 -0.122338 0.11541  -0.990215  0.0784486 -0.00766813
-0.138244  -0.134598  -0.981209 0.799751 -0.12036  -0.0923349  -0.988427 0.484371
0 0 0 1 0 0 0 1
0.912269  -0.407792  -0.0383484 0.0149039 0.965946  0.164905  -0.199384 -0.0287829
-0.339469  -0.805156  0.486296 0.139845 0.248299  -0.807503  0.535058 0.0461214
-0.229184  -0.430615  -0.872952 0.814133 -0.0727692  -0.566344  -0.82095 0.453667
0 0 0 1 0 0 0 1
0.963225  0.268524  0.00960826 -0.0987215 0.979249  -0.186144  -0.0801386 -0.0266358
0.251566  -0.88868  -0.383355 -0.097933 -0.202614  -0.890708  -0.406923 -0.0454566
-0.0944013  0.371675  -0.923551 0.649337 0.00436599  0.414716  -0.90994 0.470971
0 0 0 1 0 0 0 1
0.999411  0.0342848  -0.00173745 -0.166537 0.999481  -0.031289  -0.00768878 -0.106822
0.0341355  -0.997872  -0.0555553 0.0196778 -0.0317011  -0.997628  -0.0611002 0.022743
-0.00363845  0.0554632  -0.998454 0.653986 -0.00575878  0.0613122  -0.998102 0.490866
0 0 0 1 0 0 0 1
0.989289  -0.0848333  -0.118786 -0.0193963 0.9931  -0.00305522  -0.117233 -0.0383142
-0.0787081  -0.99536  0.0553476 0.104857 0.00789712  -0.995649  0.0928451 0.0292242
-0.12293  -0.0454054  -0.991376 0.768216 -0.117007  -0.0931302  -0.988755 0.48731
0 0 0 1 0 0 0 1
0.979821  -0.199876  -0.00101585 -0.137238 0.980748  0.183513  -0.0667498 -0.0956817
-0.187986  -0.923241  0.335094 0.0189132 0.195263  -0.925547  0.3244 0.0291403
-0.0679149  -0.328141  -0.942184 0.694315 -0.00224844  -0.331188  -0.943562 0.479869
0 0 0 1 0 0 0 1
0.933957  0.35701  -0.0163684 -0.0613194 0.976739  -0.164835  -0.137148 -0.0697492
0.316342  -0.847143  -0.426939 -0.156294 -0.211428  -0.846961  -0.487806 -0.0455405
-0.166288  0.393565  -0.904132 0.772422 -0.0357517  0.505457  -0.862111 0.461711
0 0 0 1 0 0 0 1
0.99071  0.100571  -0.0915344 -0.0743925 0.988596  -0.107131  -0.105831 -0.095984
0.081488  -0.977911  -0.192482 0.0436056 -0.123705  -0.978497  -0.165047 -0.00302776
-0.108871  0.183235  -0.977022 0.785406 -0.0858739  0.176257  -0.980591 0.486101
0 0 0 1 0 0 0 1
0.990484  0.0653301  -0.121138 0.0534171 0.989401  -0.0586994  -0.132815 0.0773707
0.0513206  -0.991997  -0.115365 0.00459145 -0.0728863  -0.991839  -0.104607 -0.0163284
-0.127705  0.10805  -0.985909 0.683189 -0.125591  0.113179  -0.985605 0.496926
0 0 0 1 0 0 0 1
0.983379  -0.00469433  -0.181504 0.0961871 0.982861  -0.0301825  -0.181863 0.0348054
-0.008011  -0.999814  -0.0175445 0.0632524 -0.0318182  -0.999475  -0.00608244 0.0191002
-0.181387  0.018707  -0.983234 0.798002 -0.181584  0.0117647  -0.983305 0.496988
0 0 0 1 0 0 0 1
0.954863  0.149007  -0.256969 0.240409 0.96011  -0.0278059  -0.278237 0.0576918
0.112665  -0.982116  -0.150845 -0.0214737 -0.0809222  -0.980094  -0.181291 0.0130718
-0.27485  0.115085  -0.954575 0.919021 -0.267657  0.196575  -0.943249 0.498986
0 0 0 1 0 0 0 1
0.992266  0.0913604  -0.0840289 -0.0267162 0.994313  -0.0515927  -0.0931688 -0.00322881
0.0810457  -0.989593  -0.118896 -0.00816793 -0.0633904  -0.989685  -0.128469 0.0107964
-0.0940168  0.111167  -0.989345 0.699222 -0.0855797  0.133645  -0.987327 0.494858
0 0 0 1 0 0 0 1
0.977346  0.18989  -0.0934706 -0.0312177 0.98853  -0.0845157  -0.125164 -0.0644805
0.164445  -0.959328  -0.229452 -0.0502958 -0.114396  -0.9601  -0.255189 0.00117326
-0.133239  0.208883  -0.968822 0.792766 -0.0986024  0.26658  -0.958756 0.488144
0 0 0 1 0 0 0 1
0.888018  -0.458976  0.0276623 -0.0352594 0.952568  0.224229  -0.205758 -0.0430335
-0.387982  -0.715656  0.580782 0.151368 0.304234  -0.718299  0.625689 0.0603052
-0.246768  -0.526477  -0.813589 0.779789 -0.00749848  -0.65861  -0.752447 0.438172
0 0 0 1 0 0 0 1
0.992146  -0.123176  -0.0217606 -0.0512459 0.996114  0.0791457  -0.0386264 0.0643348
-0.117941  -0.979173  0.165255 0.0350162 0.0850301  -0.97852  0.187801 -0.000113067
-0.0416629  -0.16139  -0.986011 0.552011 -0.0229331  -0.190355  -0.981447 0.496102
0 0 0 1 0 0 0 1
0.986704  -0.0159784  -0.16174 -0.0038127 0.983742  -0.071791  -0.164612 -0.103051
-0.0253778  -0.998096  -0.0562159 0.101474 -0.0748088  -0.997123  -0.0121989 -0.00527053
-0.160534  0.0595731  -0.985231 0.879906 -0.163262  0.024315  -0.986283 0.48577
0 0 0 1 0 0 0 1
0.99377  -0.0742978  -0.0830674 -0.0798068 0.9852  0.130138  -0.111555 -0.110286
-0.0557392  -0.976787  0.206834 -0.0789285 0.146539  -0.977097  0.154298 0.0131551
-0.0965064  -0.200915  -0.974843 0.791683 -0.08892  -0.168362  -0.981706 0.487664
0 0 0 1 0 0 0 1
0.966288  -0.215124  -0.141452 0.0505683 0.986449  0.0187003  -0.162996 -0.0303017
-0.188528  -0.965376  0.180295 0.137864 0.0603961  -0.965108  0.25479 0.000620846
-0.17534  -0.147549  -0.973388 0.834874 -0.152544  -0.261182  -0.95316 0.489449
0 0 0 1 0 0 0 1
0.995522  -0.0924991  -0.0195033 -0.0755932 0.99949  0.0231899  -0.0219667 0.0250994
-0.0905025  -0.992173  0.0860319 0.0454541 0.0255789  -0.992968  0.115587 -0.0257062
-0.0273085  -0.0838815  -0.996101 0.574144 -0.0191318  -0.11609  -0.993054 0.498079
0 0 0 1 0 0 0 1
0.96634  -0.257134  0.00832263 -0.0721024 0.978341  0.187509  -0.0876878 0.00907859
-0.240929  -0.893147  0.379792 0.0736667 0.206977  -0.892279  0.401247 0.0350279
-0.0902242  -0.369013  -0.925034 0.623208 -0.00300474  -0.410706  -0.911763 0.481303
0 0 0 1 0 0 0 1
0.994686  -0.0503531  -0.0897995 0.0289275 0.995137  0.0251703  -0.0952297 0.0848457
-0.0455255  -0.997447  0.0550223 -0.0156289 0.0317158  -0.997191  0.0678575 -0.0307127
-0.0923408  -0.0506417  -0.994439 0.635574 -0.0932542  -0.0705478  -0.99314 0.5024
0 0 0 1 0 0 0 1
0.988046  -0.134524  -0.0752954 -0.00104328 0.985534  0.134468  -0.103159 0.0482308
-0.113515  -0.965323  0.235088 -0.0426395 0.154448  -0.963197  0.219996 0.00198762
-0.104309  -0.223731  -0.969053 0.65252 -0.0697803  -0.232746  -0.970031 0.49709
0 0 0 1 0 0 0 1
0.992405  0.116183  -0.0404128 -0.111905 0.99859  -0.00673604  -0.0526643 -0.103795
0.112829  -0.99061  -0.0772073 -0.0811625 -0.0140307  -0.990137  -0.139399 0.0232674
-0.0490036  0.0720612  -0.996196 0.729785 -0.0512059  0.139941  -0.988835 0.495952
0 0 0 1 0 0 0 1
0.99936  0.0111128  -0.033988 -0.126073 0.997149  0.0636919  -0.0404742 -0.10486
0.0130732  -0.99823  0.0580134 -0.0653794 0.0644526  -0.997762  0.0177759 0.0180616
-0.0332832  -0.0584207  -0.997737 0.708618 -0.0392514  -0.0203339  -0.999022 0.496076
0 0 0 1 0 0 0 1
0.996125  -0.0257364  -0.084102 0.0269473 0.995824  -0.0375061  -0.0832341 0.0978698
-0.0280154  -0.999269  -0.0260308 0.0554863 -0.036807  -0.999273  0.00991814 -0.0106371
-0.0833705  0.028286  -0.996117 0.609571 -0.0835456  -0.00681312  -0.996481 0.500942
0 0 0 1 0 0 0 1
0.936829  -0.341659  -0.0749724 0.0177984 0.983314  0.0930231  -0.156332 -0.0425744
-0.296358  -0.889136  0.348725 0.165798 0.152867  -0.888385  0.432902 0.0115157
-0.185806  -0.304477  -0.934222 0.818812 -0.0986129  -0.449577  -0.887781 0.481263
0 0 0 1 0 0 0 1
0.995047  0.0748725  -0.0653846 0.0126276 0.997723  -0.000365573  -0.067446 0.09751
0.0719465  -0.996346  -0.0460165 -0.0425994 -0.006472  -0.99589  -0.0903417 0.0272527
-0.0685911  0.0410844  -0.996799 0.587518 -0.0671358  0.0905725  -0.993624 0.504238
0 0 0 1 0 0 0 1
0.976178  -0.0411246  -0.21304 0.169687 0.976488  0.00799323  -0.215423 0.0728645
-0.0334248  -0.998656  0.0396209 0.0209111 0.0201525  -0.998321  0.0543063 0.0064163
-0.214383  -0.0315562  -0.97624 0.824069 -0.214628  -0.0573708  -0.97501 0.505811
0 0 0 1 0 0 0 1
0.999342  0.0362824  -7.83256e-05 -0.0579269 0.999291  -0.0376504  -0.000532276 0.104502
0.0361996  -0.997202  -0.0654115 -0.00534747 -0.0376136  -0.997457  -0.0605296 -0.00575386
-0.00245139  0.0653656  -0.997858 0.469128 0.00174804  0.0605067  -0.998166 0.499766
0 0 0 1 0 0 0 1
0.995435  0.0665132  -0.0684431 -0.0244792 0.996477  0.0245824  -0.0801856 0.00390941
0.0656843  -0.997738  -0.014293 -0.0676812 0.0187704  -0.997196  -0.0724478 0.0206711
-0.069239  0.00973217  -0.997553 0.684167 -0.0817417  0.0706874  -0.994144 0.5015
0 0 0 1 0 0 0 1
0.999843  -0.01702  0.00491391 -0.123325 0.99929  -0.036189  0.0104858 -0.0139553
-0.016858  -0.999367  -0.0313152 0.0388876 -0.0361984  -0.999344  0.000714913 -0.0151401
0.00544378  0.0312275  -0.999497 0.558806 0.0104531  -0.00109398  -0.999945 0.501669
0 0 0 1 0 0 0 1
0.997794  0.00491661  -0.0661985 -0.0658222 0.996927  -0.0327615  -0.0711536 -0.0494168
0.00248858  -0.999323  -0.0367107 0.00862719 -0.0344451  -0.999152  -0.0225644 -0.0272471
-0.0663341  0.0364649  -0.997131 0.714403 -0.070354  0.0249459  -0.99721 0.498819
0 0 0 1 0 0 0 1
0.929091  0.367344  0.0429911 -0.104511 0.949906  -0.272571  -0.152915 -0.055257
0.328681  -0.766773  -0.551388 -0.0817639 -0.310627  -0.769397  -0.558157 -0.0607114
-0.169585  0.52642  -0.83314 0.698747 0.0344853  0.577697  -0.815523 0.455258
0 0 0 1 0 0 0 1
0.992976  -0.117605  -0.0129526 -0.138553 0.989318  0.141792  -0.0338369 -0.0856035
-0.111412  -0.96626  0.232225 -0.0154402 0.145744  -0.966761  0.210074 0.0189034
-0.0398264  -0.22915  -0.972576 0.660083 -0.00292532  -0.212762  -0.9771 0.494997
0 0 0 1 0 0 0 1
0.993251  0.110776  -0.0343566 -0.0288196 0.996466  -0.0713792  -0.0442687 0.0753452
0.10444  -0.983093  -0.150401 -0.0228579 -0.0779997  -0.98192  -0.172479 0.006055
-0.0504365  0.145798  -0.988028 0.563727 -0.0311569  0.175323  -0.984018 0.502549
0 0 0 1 0 0 0 1
0.988409  0.101442  -0.112945 -0.00322998 0.983037  -0.123625  -0.135479 -0.0200493
0.0763248  -0.975165  -0.207914 0.0791529 -0.146701  -0.973346  -0.176286 0.00699185
-0.131231  0.196883  -0.971604 0.752738 -0.110074  0.193171  -0.974971 0.498474
0 0 0 1 0 0 0 1
0.990028  -0.0869092  -0.110866 -0.0114026 0.982724  0.125234  -0.136273 -0.0380405
-0.061785  -0.975162  0.212703 -0.07375 0.146303  -0.976614  0.157547 0.0157787
-0.126599  -0.203732  -0.970807 0.770815 -0.113356  -0.174763  -0.978064 0.496662
0 0 0 1 0 0 0 1
0.992443  -0.0917786  -0.0814468 -0.0476585 0.993819  0.0628877  -0.0914816 -0.0505193
-0.0805256  -0.987964  0.132072 -0.00918424 0.0750383  -0.987849  0.136103 -0.0150398
-0.0925879  -0.124516  -0.987888 0.741702 -0.0818108  -0.142126  -0.986462 0.500041
0 0 0 1 0 0 0 1
0.999399  -0.0290109  -0.0189498 -0.0321993 0.999847  -0.00142831  -0.0174563 0.11155
-0.0286788  -0.999434  0.0175657 0.0152896 -0.000800655  -0.999355  0.0359098 -0.0189714
-0.0194487  -0.0170117  -0.999666 0.495569 -0.0174963  -0.0358903  -0.999203 0.503692
0 0 0 1 0 0 0 1
0.944374  -0.328563  0.014259 -0.0462132 0.973253  0.199304  -0.114269 0.00972104
-0.300682  -0.845049  0.442133 0.108821 0.229735  -0.846591  0.480111 0.0320444
-0.133219  -0.421827  -0.896836 0.659756 -0.00105117  -0.49352  -0.869734 0.481163
0 0 0 1 0 0 0 1
0.990982  0.130757  -0.0292886 -0.0860722 0.988085  -0.143048  -0.056797 -0.0329611
0.119468  -0.961155  -0.248814 0.0297333 -0.152392  -0.960995  -0.230794 -0.00588117
-0.0606851  0.243071  -0.968108 0.656592 -0.021567  0.236699  -0.971344 0.498108
0 0 0 1 0 0 0 1
0.992256  -0.0704176  -0.10232 0.0416443 0.988803  0.0911573  -0.118152 0.0759033
-0.0539149  -0.986295  0.155934 -0.0362934 0.10572  -0.986697  0.1235 0.0186127
-0.111898  -0.149209  -0.982454 0.663916 -0.105322  -0.134608  -0.985286 0.504681
0 0 0 1 0 0 0 1
0.991154  0.0535507  -0.121432 0.0424897 0.993243  0.0221807  -0.113915 0.0511872
0.0525542  -0.998553  -0.0113971 -0.109985 0.0155825  -0.998166  -0.0584893 -0.0379054
-0.121866  0.0049145  -0.992534 0.702388 -0.115003  0.056319  -0.991767 0.504418
0 0 0 1 0 0 0 1
0.979218  -0.140793  -0.145974 0.0903163 0.988542  0.011828  -0.150482 0.0725092
-0.125261  -0.985932  0.110666 0.113156 0.0360862  -0.986536  0.159514 0.019949
-0.159502  -0.0900814  -0.983079 0.730295 -0.146569  -0.163117  -0.975659 0.505486
0 0 0 1 0 0 0 1
0.989947  -0.127014  -0.0622256 -0.0967668 0.976884  0.186345  -0.104756 -0.110916
-0.103701  -0.950978  0.291352 -0.093308 0.206433  -0.949616  0.235829 0.0146335
-0.0961811  -0.281971  -0.95459 0.765769 -0.0555324  -0.252002  -0.966132 0.492744
0 0 0 1 0 0 0 1
0.98299  0.178202  -0.0444274 -0.0167951 0.994101  -0.0781549  -0.0751988 0.0446832
0.16574  -0.964962  -0.203417 -0.0747777 -0.094282  -0.965437  -0.242986 0.00117754
-0.0791201  0.192594  -0.978084 0.629845 -0.0536092  0.248642  -0.967111 0.502694
0 0 0 1 0 0 0 1
0.982183  -0.177452  -0.0618688 -0.0214114 0.995571  0.0538856  -0.0770386 0.00482201
-0.164167  -0.970403  0.17711 0.0812135 0.0704559  -0.970186  0.231893 -0.0157846
-0.0914662  -0.163798  -0.982244 0.681509 -0.0622461  -0.236294  -0.969686 0.50318
0 0 0 1 0 0 0 1
0.958236  -0.265614  -0.105985 0.0529728 0.978025  0.126406  -0.165795 0.0286792
-0.216829  -0.916442  0.336333 0.0804512 0.179411  -0.915358  0.360459 0.0419252
-0.186464  -0.299306  -0.93576 0.759038 -0.106198  -0.382283  -0.917922 0.490793
0 0 0 1 0 0 0 1
0.990437  0.0692479  -0.119325 -0.0315697 0.991657  0.05256  -0.117703 -0.0853216
0.0698885  -0.997554  0.00118736 -0.15135 0.0459858  -0.997263  -0.0578916 -0.0290797
-0.11895  -0.00951542  -0.992855 0.810411 -0.120424  0.051996  -0.99136 0.498426
0 0 0 1 0 0 0 1
0.999073  0.016703  -0.0396675 -0.0680515 0.998396  0.0416395  -0.0383534 -0.00386958
0.0183184  -0.999003  0.0407154 -0.0734357 0.0417872  -0.999122  0.0030569 -0.0125945
-0.0389479  -0.0414043  -0.998383 0.630634 -0.0381924  -0.00465468  -0.99926 0.505316
0 0 0 1 0 0 0 1
0.899923  0.435479  -0.0222973 0.013732 0.955424  -0.193175  -0.223265 -0.0419472
0.355685  -0.762686  -0.540184 -0.129063 -0.289279  -0.763671  -0.577169 -0.0587823
-0.252244  0.478193  -0.841251 0.83422 -0.0590065  0.616027  -0.785512 0.454051
0 0 0 1 0 0 0 1
0.993674  -0.0524004  -0.0993258 -0.0504434 0.993963  -0.050305  -0.0974994 -0.0836892
-0.0543629  -0.998374  -0.0171534 0.141376 -0.0474904  -0.998391  0.0309787 0.0358103
-0.0982654  0.0224445  -0.994907 0.783963 -0.098901  -0.0261614  -0.994753 0.501621
0 0 0 1 0 0 0 1
0.989313  0.0472493  -0.137938 0.0234771 0.990141  -0.0314623  -0.136497 -0.0180502
0.0366519  -0.996249  -0.0783819 -0.0240637 -0.0405093  -0.997126  -0.0640161 -0.0267667
-0.141124  0.0724886  -0.987334 0.784119 -0.134091  0.0689143  -0.98857 0.50294
0 0 0 1 0 0 0 1
0.986707  -0.162509  3.39463e-05 -0.059236 0.987497  0.152056  -0.0415799 0.0580072
-0.15638  -0.949433  0.272255 0.00910426 0.157615  -0.947827  0.277095 0.0117866
-0.0442117  -0.268641  -0.962225 0.543837 0.00272341  -0.280184  -0.959942 0.502104
0 0 0 1 0 0 0 1
0.973195  0.165711  -0.159474 0.054106 0.986542  0.0164454  -0.162677 -0.0404333
0.150038  -0.983  -0.10583 -0.131785 -0.0137437  -0.983067  -0.182728 0.0137851
-0.1743  0.0790658  -0.981513 0.847352 -0.162928  0.182505  -0.969612 0.502141
0 0 0 1 0 0 0 1
0.932702  -0.359612  0.0273032 -0.0900302 0.9685  0.212713  -0.12946 -0.0704836
-0.3285  -0.81588  0.475844 0.137192 0.248932  -0.813937  0.524919 0.0507944
-0.148843  -0.45279  -0.879106 0.732365 0.00628451  -0.540611  -0.841249 0.468782
0 0 0 1 0 0 0 1
0.979969  -0.195397  -0.038469 -0.0959166 0.990039  0.113833  -0.0828576 -0.0991273
-0.180163  -0.952161  0.246841 0.0679403 0.133088  -0.948668  0.286908 0.0204442
-0.0848607  -0.234966  -0.968292 0.751034 -0.0459448  -0.295078  -0.954368 0.495545
0 0 0 1 0 0 0 1
0.993583  -0.0461325  -0.103272 0.0108218 0.993212  0.0132676  -0.115563 -0.00512717
-0.0412416  -0.997947  0.0490054 -0.00592777 0.0205744  -0.997847  0.0622671 -0.0277056
-0.105321  -0.0444318  -0.993445 0.744938 -0.114488  -0.0642221  -0.991347 0.508519
0 0 0 1 0 0 0 1
0.96239  0.259258  -0.0811849 0.0375061 0.982095  -0.110152  -0.152825 0.0116377
0.223064  -0.924668  -0.308597 -0.110679 -0.15811  -0.923017  -0.350772 -0.0417406
-0.155076  0.278882  -0.947722 0.761314 -0.102422  0.368655  -0.923907 0.494791
0 0 0 1 0 0 0 1
0.993981  0.0842941  -0.0699802 -0.00143357 0.985934  -0.138158  -0.0940557 0.0455583
0.0674462  -0.974182  -0.215455 0.0674787 -0.152447  -0.974061  -0.167226 -0.0208903
-0.0863351  0.209438  -0.974003 0.646056 -0.0685124  0.179212  -0.981422 0.507936
0 0 0 1 0 0 0 1
0.986784  0.0879193  -0.136116 -0.0191621 0.973527  -0.172105  -0.150418 -0.0889483
0.049928  -0.964108  -0.260775 0.149247 -0.197439  -0.964749  -0.174006 -0.00676538
-0.154157  0.250532  -0.955756 0.828988 -0.115168  0.199098  -0.973189 0.499369
0 0 0 1 0 0 0 1
0.969706  0.215788  -0.114483 -0.0183903 0.975179  -0.144622  -0.167664 -0.0921285
0.168903  -0.930878  -0.32394 -0.00549815 -0.191185  -0.931937  -0.308127 -0.0264133
-0.176472  0.29479  -0.939125 0.848207 -0.11169  0.332534  -0.936454 0.491658
0 0 0 1 0 0 0 1
0.967912  -0.244973  -0.0559784 -0.0130797 0.982208  0.138401  -0.126939 -0.0217163
-0.214152  -0.920695  0.326281 0.0564598 0.1748  -0.920852  0.348536 0.0149079
-0.131469  -0.303824  -0.943614 0.743407 -0.0686543  -0.364523  -0.92866 0.499303
0 0 0 1 0 0 0 1
0.973947  0.217962  -0.0626071 -0.00824361 0.965841  -0.216691  -0.142111 0.0126633
0.176668  -0.90235  -0.393133 0.0561238 -0.253567  -0.903366  -0.345882 -0.0261305
-0.142181  0.37183  -0.917348 0.695946 -0.0534287  0.370102  -0.927453 0.499665
0 0 0 1 0 0 0 1
0.992301  -0.0400995  -0.117175 0.0131985 0.993547  -0.03356  -0.108346 0.010211
-0.042952  -0.998837  -0.0219202 0.117254 -0.0302624  -0.999032  0.0319386 0.0411423
-0.11616  0.0267844  -0.992869 0.722693 -0.109313  -0.0284537  -0.9936 0.511049
0 0 0 1 0 0 0 1
0.992588  -0.0379018  -0.115465 0.0717899 0.991916  0.0417105  -0.119845 0.0983534
-0.0290567  -0.996581  0.0773469 0.00531326 0.0493001  -0.996915  0.0610762 0.0284732
-0.118002  -0.0734186  -0.990296 0.664071 -0.116928  -0.0664909  -0.990912 0.515448
0 0 0 1 0 0 0 1
0.999264  -0.0337845  0.0181522 -0.15451 0.998767  -0.0479337  0.0129342 -0.0899764
-0.0333173  -0.999121  -0.0254479 0.0556872 -0.0480891  -0.998771  0.0119803 -0.0328641
0.018996  0.0248244  -0.999511 0.619961 0.012344  -0.0125875  -0.999845 0.511797
0 0 0 1 0 0 0 1
0.995733  0.0922753  0.000329126 -0.15486 0.996622  -0.0806422  -0.0155362 -0.112045
0.0913794  -0.985557  -0.142573 -0.0504658 -0.082057  -0.985518  -0.148394 -0.0393843
-0.0128316  0.141995  -0.989784 0.668065 -0.00334439  0.149167  -0.988806 0.506072
0 0 0 1 0 0 0 1
0.967144  -0.222532  -0.122929 0.0463125 0.961222  0.187349  -0.202369 -0.0289108
-0.161247  -0.910773  0.38012 -0.0733952 0.24648  -0.912777  0.32571 0.0182083
-0.196549  -0.347809  -0.916732 0.828071 -0.123696  -0.362959  -0.923558 0.496676
0 0 0 1 0 0 0 1
0.942393  0.333406  0.0271159 -0.0617503 0.967999  -0.224084  -0.112981 0.000906273
0.306794  -0.829169  -0.467287 -0.110693 -0.250317  -0.830074  -0.498316 -0.051065
-0.133313  0.448687  -0.88369 0.652904 0.0178818  0.51065  -0.859602 0.482312
0 0 0 1 0 0 0 1
0.978009  -0.208561  -0.000611416 -0.136494 0.962839  0.252311  -0.0963364 -0.110726
-0.189814  -0.891307  0.411754 -0.0527625 0.269953  -0.888289  0.371576 0.0366613
-0.0864207  -0.402584  -0.911295 0.709467 0.00817822  -0.383774  -0.923391 0.49168
0 0 0 1 0 0 0 1
0.960325  -0.25628  -0.10998 0.0503532 0.984873  0.0608951  -0.162222 -0.0156069
-0.220751  -0.939538  0.261795 0.159143 0.11151  -0.939329  0.324386 0.0396893
-0.170423  -0.22713  -0.958837 0.810068 -0.132626  -0.337568  -0.931911 0.49832
0 0 0 1 0 0 0 1
0.975955  -0.143959  -0.163669 0.0464624 0.98713  0.00921321  -0.159654 -0.0609717
-0.125089  -0.984823  0.120319 0.0825513 0.0362139  -0.985283  0.16705 -0.0122845
-0.178506  -0.0969532  -0.979151 0.868262 -0.155766  -0.170682  -0.972936 0.506865
0 0 0 1 0 0 0 1
0.995783  0.0916148  0.0048015 -0.0704361 0.995314  -0.0960594  -0.0111186 0.048267
0.0911158  -0.981549  -0.168105 -0.0369943 -0.0965708  -0.981424  -0.165776 -0.0427061
-0.010688  0.167833  -0.985757 0.535524 0.00501222  0.166072  -0.986101 0.508886
0 0 0 1 0 0 0 1
0.998325  0.0194466  -0.0544942 -0.0259679 0.993477  -0.0987354  -0.0570449 0.0363963
0.0130861  -0.99331  -0.114734 0.0698619 -0.102665  -0.992204  -0.0706484 -0.0264613
-0.0563608  0.113829  -0.9919 0.61821 -0.0496247  0.0760441  -0.995869 0.512663
0 0 0 1 0 0 0 1
0.975579  -0.169696  -0.139461 0.0366769 0.980149  0.113548  -0.162529 -0.0260489
-0.131091  -0.959275  0.250213 0.00518627 0.151282  -0.958181  0.242904 0.0257383
-0.176242  -0.22582  -0.958094 0.813174 -0.128151  -0.262669  -0.956338 0.504086
0 0 0 1 0 0 0 1
0.999118  0.0418802  -0.00292762 -0.13154 0.999752  0.00689204  -0.0211665 -0.108544
0.041818  -0.998948  -0.0187968 -0.10084 0.00583108  -0.998743  -0.0497836 -0.0483102
-0.00371175  0.0186578  -0.999819 0.695375 -0.021483  0.0496479  -0.998536 0.511972
0 0 0 1 0 0 0 1
0.991253  -0.131945  0.00284293 -0.0957718 0.992807  0.116408  -0.027999 -0.00925787
-0.129623  -0.969313  0.20888 0.0350489 0.119721  -0.967706  0.221836 0.0229437
-0.0248049  -0.207421  -0.977937 0.589968 -0.00127133  -0.223593  -0.974682 0.508683
0 0 0 1 0 0 0 1
0.986672  0.162297  -0.0117715 -0.137398 0.972367  -0.220556  -0.0765385 -0.118738
0.147092  -0.920491  -0.362023 0.0546504 -0.233448  -0.921734  -0.309692 -0.035557
-0.069591  0.355467  -0.932095 0.711547 -0.00224362  0.319002  -0.947751 0.498425
0 0 0 1 0 0 0 1
0.973704  -0.207031  -0.0950727 0.0673131 0.989076  0.0597326  -0.134762 0.0593897
-0.183277  -0.959737  0.212874 0.0992708 0.0941753  -0.959374  0.265955 0.0043476
-0.135316  -0.189851  -0.972443 0.715104 -0.113401  -0.275741  -0.954519 0.513386
0 0 0 1 0 0 0 1
0.998904  -0.0467108  0.003144 -0.0515296 0.997128  0.0754349  -0.0067969 0.101747
-0.0467603  -0.992161  0.11589 0.0102402 0.0757397  -0.992671  0.0941669 0.0413542
-0.00229399  -0.11591  -0.993257 0.471744 0.000356389  -0.0944112  -0.995533 0.51322
0 0 0 1 0 0 0 1
