0.993253  0.0999134  -0.05887 -0.125869 0.998059  -0.0129274  -0.0609233 -0.0415708
0.0956492  -0.99286  -0.0712785 -0.0868811 -0.020262  -0.992402  -0.121356 -0.00763947
-0.0655713  0.0651667  -0.995718 0.664489 -0.0588916  0.122355  -0.990738 0.429425
0 0 0 1 0 0 0 1
0.994579  -0.0730261  -0.0740275 -0.115334 0.995962  0.0360275  -0.0822355 -0.0672775
-0.0662942  -0.993765  0.0896429 0.0278761 0.044451  -0.993686  0.103015 0.00435817
-0.0801122  -0.0842494  -0.993219 0.714696 -0.0780049  -0.106254  -0.991275 0.437021
0 0 0 1 0 0 0 1
0.990909  -0.116356  -0.0675288 -0.0840276 0.996561  0.0371273  -0.0740759 0.00487864
-0.107915  -0.987196  0.11747 0.0740245 0.048104  -0.987149  0.15239 0.0112754
-0.0803326  -0.109115  -0.990778 0.643062 -0.0674662  -0.15543  -0.98554 0.44031
0 0 0 1 0 0 0 1
0.997579  -0.039111  -0.0575043 -0.124733 0.997894  -0.0277194  -0.058642 -0.0541286
-0.0393809  -0.999218  -0.00356691 0.0809217 -0.0260433  -0.999236  0.029155 0.0109116
-0.0573198  0.00582284  -0.998339 0.676833 -0.0594054  -0.0275664  -0.997853 0.440275
0 0 0 1 0 0 0 1
0.995386  0.0509224  -0.081326 -0.0370577 0.996683  0.0047051  -0.0812414 0.0661146
0.0480361  -0.998158  -0.0370627 -0.0663723 -0.000102731  -0.998254  -0.0590743 -0.0128439
-0.0830635  0.0329851  -0.995998 0.604867 -0.0813775  0.0588867  -0.994942 0.451573
0 0 0 1 0 0 0 1
0.995151  -0.0447085  -0.0876151 -0.0665714 0.995283  0.0362142  -0.0900033 -0.00696173
-0.038746  -0.996891  0.0686121 -0.0142922 0.0425891  -0.996641  0.0699497 -0.00744838
-0.0904103  -0.0648846  -0.993789 0.682751 -0.0871678  -0.0734529  -0.993482 0.449875
0 0 0 1 0 0 0 1
0.999761  0.00743445  -0.0205552 -0.125003 0.999052  0.0377308  -0.0217239 0.0110592
0.00821196  -0.999244  0.0380038 -0.0437492 0.0380001  -0.999204  0.0121217 0.00631372
-0.0202571  -0.0381635  -0.999066 0.560981 -0.0212493  -0.0129357  -0.999691 0.451786
0 0 0 1 0 0 0 1
0.975731  -0.173768  -0.133243 0.022452 0.985192  0.0640657  -0.159038 0.0280059
-0.14648  -0.970264  0.192695 0.0607211 0.0994126  -0.969178  0.225415 0.00968971
-0.162765  -0.168501  -0.97217 0.745142 -0.139694  -0.237887  -0.961195 0.451835
0 0 0 1 0 0 0 1
0.984513  0.120632  -0.127208 0.0140959 0.987107  -0.0562578  -0.14985 0.02573
0.100527  -0.982929  -0.154097 -0.0215814 -0.0811813  -0.982814  -0.165791 -0.00133437
-0.143625  0.138922  -0.979833 0.736071 -0.137947  0.175818  -0.974709 0.454642
0 0 0 1 0 0 0 1
0.998756  0.0435562  -0.0242668 -0.163717 0.999474  0.0154  -0.0285473 -0.0798007
0.0433756  -0.999027  -0.00791877 -0.0803903 0.0142437  -0.999087  -0.040276 -0.0201927
-0.0245881  0.00685633  -0.999674 0.650371 -0.0291414  0.0398482  -0.998781 0.453072
0 0 0 1 0 0 0 1
0.983038  -0.175522  -0.0531768 -0.0709071 0.993141  0.0870381  -0.0780698 0.021124
-0.160655  -0.963986  0.211947 0.0763506 0.10358  -0.964695  0.242146 0.016121
-0.0884631  -0.199809  -0.975833 0.627869 -0.0542376  -0.248572  -0.967094 0.452223
0 0 0 1 0 0 0 1
0.993091  -0.026689  -0.114269 0.0115613 0.99246  -0.0404783  -0.115694 0.0725111
-0.0302622  -0.999102  -0.0296507 0.0838638 -0.0398327  -0.999175  0.00788774 0.0113342
-0.113375  0.0329038  -0.993007 0.656469 -0.115918  -0.00321985  -0.993254 0.459509
0 0 0 1 0 0 0 1
0.993422  0.10054  -0.0548101 -0.0725003 0.996994  -0.0405299  -0.0660316 0.0193625
0.0938166  -0.989057  -0.113861 -0.0617292 -0.0492319  -0.989485  -0.135997 -0.0157009
-0.0656579  0.10797  -0.991984 0.626808 -0.0598254  0.138839  -0.988506 0.454548
0 0 0 1 0 0 0 1
0.986971  0.157724  -0.0317902 -0.137501 0.995928  -0.0735789  -0.0520966 -0.0713938
0.14952  -0.972081  -0.180839 -0.0797832 -0.0832376  -0.97243  -0.217831 -0.0133481
-0.0594254  0.17373  -0.982999 0.676853 -0.0346326  0.221281  -0.974595 0.451671
0 0 0 1 0 0 0 1
0.972736  -0.201938  -0.114045 -0.0358149 0.989057  0.0430675  -0.141107 -0.0599265
-0.177636  -0.964903  0.193413 0.125672 0.0775422  -0.965432  0.248853 0.0185687
-0.1491  -0.167881  -0.974467 0.800428 -0.125512  -0.257071  -0.958207 0.448371
0 0 0 1 0 0 0 1
0.990942  -0.00803553  -0.13405 -0.0700769 0.990857  0.0319259  -0.131082 -0.103169
-0.00306585  -0.999302  0.0372387 -0.0369874 0.0350176  -0.999159  0.0213487 -0.00288666
-0.134255  -0.0364904  -0.990275 0.825642 -0.130291  -0.0257437  -0.991142 0.449747
0 0 0 1 0 0 0 1
0.984573  -0.128138  -0.119151 -0.055759 0.989267  0.0483461  -0.137886 -0.0871252
-0.10992  -0.982769  0.148605 0.0429918 0.0715396  -0.98309  0.168569 0.00164337
-0.13614  -0.133215  -0.981692 0.81844 -0.127405  -0.176624  -0.975998 0.450637
0 0 0 1 0 0 0 1
0.98135  0.113482  -0.155158 0.0306724 0.988149  0.0263041  -0.151229 0.0195877
0.10653  -0.992926  -0.0524328 -0.130802 0.00883481  -0.993321  -0.115047 -0.0107607
-0.160011  0.0349259  -0.986497 0.759283 -0.153245  0.112347  -0.981781 0.4585
0 0 0 1 0 0 0 1
0.999277  0.0243626  -0.0291853 -0.121179 0.997412  -0.0664874  -0.0273782 -0.00354837
0.0215542  -0.995438  -0.092949 0.0451618 -0.0682048  -0.995386  -0.0674846 -0.00304065
-0.0313166  0.0922528  -0.995243 0.583705 -0.022765  0.0691772  -0.997345 0.459422
0 0 0 1 0 0 0 1
0.987608  -0.0042494  -0.156882 -0.00278452 0.9879  -0.0203937  -0.153743 -0.0344159
-0.00730334  -0.999795  -0.0188952 0.030839 -0.0211326  -0.999772  -0.00317294 0.000159792
-0.15677  0.0198068  -0.987437 0.802512 -0.153643  0.00638354  -0.988106 0.457568
0 0 0 1 0 0 0 1
0.982786  -0.0805008  -0.166285 0.0531244 0.985738  -0.0390358  -0.1637 0.0331176
-0.0785699  -0.996743  0.0181687 0.120276 -0.0271366  -0.996866  0.0743062 0.00956042
-0.167206  -0.00479097  -0.98591 0.764547 -0.166087  -0.0688042  -0.983708 0.462836
0 0 0 1 0 0 0 1
0.992608  0.0315423  -0.117191 -0.00969623 0.989199  -0.0917429  -0.114317 0.0417301
0.0153774  -0.99054  -0.13636 0.0866176 -0.101283  -0.991584  -0.0806349 -0.00139285
-0.120383  0.13355  -0.983703 0.672657 -0.105957  0.0913424  -0.990166 0.463922
0 0 0 1 0 0 0 1
0.991206  -0.0722128  -0.110885 -0.0289589 0.988104  0.107627  -0.109846 0.022122
-0.0512638  -0.982086  0.181324 -0.0674865 0.121746  -0.983856  0.131172 0.00444407
-0.121993  -0.174045  -0.977152 0.679977 -0.0939547  -0.142985  -0.985255 0.461759
0 0 0 1 0 0 0 1
0.999413  -0.0183062  -0.0289482 -0.0789597 0.999662  0.00515322  -0.025469 0.0746523
-0.0178165  -0.999695  0.0170835 0.0294673 0.00572836  -0.999729  0.0225607 0.017453
-0.0292521  -0.0165577  -0.999435 0.520769 -0.0253458  -0.022699  -0.999421 0.462144
0 0 0 1 0 0 0 1
0.994565  0.00498481  -0.103995 -0.0522213 0.990329  -0.082415  -0.11161 -0.0387876
-0.00570434  -0.994744  -0.102235 0.103816 -0.0879903  -0.99506  -0.0459771 0.00617674
-0.103958  0.102273  -0.989309 0.740226 -0.107269  0.055353  -0.992688 0.459703
0 0 0 1 0 0 0 1
0.985083  -0.0652735  -0.159221 0.0316092 0.983836  0.0549287  -0.17044 -0.00358069
-0.0462703  -0.991663  0.120268 -0.0371918 0.071869  -0.992892  0.0948663 -0.00933452
-0.165744  -0.111107  -0.97989 0.796972 -0.164018  -0.105582  -0.980791 0.461382
0 0 0 1 0 0 0 1
0.992556  0.0620618  -0.104794 -0.0545081 0.993217  0.0451003  -0.107177 -0.0386567
0.063947  -0.997845  0.0147235 -0.118895 0.0401579  -0.998048  -0.0478351 -0.0101357
-0.103655  -0.0213152  -0.994385 0.735338 -0.109125  0.0432067  -0.993089 0.461333
0 0 0 1 0 0 0 1
0.977896  -0.206811  -0.030799 -0.111393 0.99247  0.102828  -0.0665499 -0.0510124
-0.192802  -0.948873  0.249935 0.0997034 0.117887  -0.949383  0.291159 0.0203577
-0.0809137  -0.238472  -0.967773 0.677526 -0.0332421  -0.296812  -0.954357 0.458075
0 0 0 1 0 0 0 1
0.997375  -0.0673336  -0.0266324 -0.0752977 0.997976  0.0563803  -0.029404 0.0700949
-0.0642359  -0.992527  0.103751 1.69056e-05 0.0592375  -0.992426  0.107618 -0.00463958
-0.0334193  -0.101768  -0.994247 0.52913 -0.0231137  -0.109142  -0.993757 0.466821
0 0 0 1 0 0 0 1
0.986819  0.112456  -0.116372 -0.0413701 0.988743  -0.0796169  -0.126684 -0.0476932
0.0924476  -0.981956  -0.164972 -0.00111979 -0.0999194  -0.981558  -0.162972 -0.00951747
-0.132824  0.15204  -0.979409 0.771505 -0.111372  0.173796  -0.978464 0.461589
0 0 0 1 0 0 0 1
0.958435  -0.261259  -0.114658 0.0278826 0.985211  0.0618776  -0.159781 0.00193484
-0.225109  -0.939358  0.258715 0.127873 0.111236  -0.940269  0.321748 0.00879936
-0.175297  -0.222151  -0.959125 0.779188 -0.130328  -0.334763  -0.933246 0.461622
0 0 0 1 0 0 0 1
0.973349  0.198869  -0.114201 -0.0108242 0.990603  -0.0315934  -0.133072 -0.0244162
0.176694  -0.967793  -0.17932 -0.135246 -0.0639377  -0.967066  -0.246363 -0.0151315
-0.146184  0.154362  -0.97714 0.769504 -0.120906  0.252556  -0.959999 0.462138
0 0 0 1 0 0 0 1
0.99824  -0.0557521  -0.0202214 -0.151983 0.994898  0.094641  -0.0349417 -0.0747259
-0.0523134  -0.988395  0.142611 -0.0375811 0.0981279  -0.988232  0.117337 0.0124798
-0.0279376  -0.141302  -0.989572 0.647477 -0.0234255  -0.120168  -0.992477 0.466056
0 0 0 1 0 0 0 1
0.986624  0.161569  -0.0216549 -0.100913 0.99325  -0.103667  -0.0520327 -0.00263823
0.153001  -0.963657  -0.218987 -0.0692153 -0.113252  -0.963672  -0.241891 -0.0277296
-0.0562493  0.212744  -0.975487 0.611196 -0.0250663  0.246151  -0.968907 0.464199
0 0 0 1 0 0 0 1
0.981052  0.0459221  -0.188226 0.0153675 0.977986  -0.0806082  -0.192473 -0.0860528
0.0240318  -0.992844  -0.116972 0.0883027 -0.0983142  -0.991581  -0.0842731 0.00780103
-0.19225  0.110232  -0.975135 0.896359 -0.18406  0.101341  -0.977677 0.462108
0 0 0 1 0 0 0 1
0.949108  0.309689  -0.0573322 -0.0279892 0.982102  -0.119472  -0.145613 -0.0345354
0.271262  -0.896289  -0.350831 -0.146646 -0.17008  -0.894682  -0.413058 -0.0385006
-0.160035  0.317425  -0.934682 0.766805 -0.0809282  0.430431  -0.898988 0.454531
0 0 0 1 0 0 0 1
0.974657  -0.0625768  -0.214775 0.0352266 0.977929  0.0286846  -0.206958 -0.0915642
-0.0445226  -0.995134  0.087897 -0.00129176 0.0462457  -0.99568  0.0805207 -0.000496171
-0.219231  -0.076107  -0.9727 0.929129 -0.203754  -0.0883145  -0.975031 0.461949
0 0 0 1 0 0 0 1
0.997898  0.06109  -0.0216414 -0.157341 0.995989  -0.0851994  -0.0273277 -0.0887914
0.0576871  -0.989434  -0.133016 0.0302248 -0.0878073  -0.989413  -0.115549 -0.00171883
-0.0295387  0.131488  -0.990878 0.657452 -0.0171936  0.117485  -0.992926 0.471947
0 0 0 1 0 0 0 1
0.992733  -0.0824455  -0.0876539 -0.00505209 0.995788  0.00539073  -0.0915322 0.0614614
-0.0773078  -0.995171  0.0604805 0.0802413 0.0141211  -0.995377  0.0950027 0.0154396
-0.092217  -0.0532647  -0.994313 0.640076 -0.0905969  -0.0958951  -0.99126 0.476282
0 0 0 1 0 0 0 1
0.97512  -0.22107  -0.0163971 -0.06996 0.986805  0.142549  -0.0767825 0.0236364
-0.205896  -0.930628  0.302555 0.0762789 0.160052  -0.930501  0.329471 0.0283668
-0.0821454  -0.291651  -0.952991 0.615369 -0.0244804  -0.337413  -0.941039 0.466963
0 0 0 1 0 0 0 1
0.984975  0.0146945  -0.17207 0.0250678 0.983188  0.0725067  -0.167582 -0.0350901
0.028757  -0.996418  0.0795201 -0.132678 0.0758869  -0.99702  0.0138469 -0.0231154
-0.170285  -0.0832735  -0.98187 0.825384 -0.166078  -0.0263314  -0.985761 0.4717
0 0 0 1 0 0 0 1
0.954499  -0.261169  -0.143955 0.0128998 0.98141  0.0573088  -0.183167 -0.0817004
-0.21841  -0.940903  0.258842 0.127321 0.114734  -0.940253  0.320562 0.0204141
-0.20305  -0.215623  -0.955132 0.88763 -0.153852  -0.335618  -0.929349 0.458997
0 0 0 1 0 0 0 1
0.948199  -0.317669  0.00218456 -0.101935 0.977109  0.180843  -0.112048 -0.0597916
-0.289752  -0.862012  0.415909 0.127589 0.212295  -0.862942  0.458544 0.0452196
-0.130238  -0.394997  -0.909404 0.710145 -0.0137666  -0.471834  -0.88158 0.45086
0 0 0 1 0 0 0 1
0.960808  -0.272319  -0.0518591 -0.0681122 0.988431  0.100326  -0.113747 -0.079263
-0.245562  -0.922887  0.296611 0.135417 0.135049  -0.923521  0.358987 0.0227124
-0.128633  -0.272252  -0.953589 0.776837 -0.0690324  -0.370195  -0.926386 0.462497
0 0 0 1 0 0 0 1
0.972438  0.230365  -0.0359891 -0.0902898 0.989631  -0.111932  -0.0900122 -0.062373
0.212428  -0.938983  -0.270529 -0.103387 -0.13518  -0.937633  -0.320267 -0.0234222
-0.0961137  0.255428  -0.962039 0.722799 -0.0485505  0.329114  -0.943041 0.466482
0 0 0 1 0 0 0 1
0.999055  0.0384022  -0.0203377 -0.079391 0.997959  -0.0577248  -0.0273198 0.0511003
0.0363521  -0.994998  -0.0930467 0.03616 -0.0596214  -0.995427  -0.0746301 0.0113931
-0.0238092  0.0922195  -0.995454 0.544042 -0.0228868  0.0761066  -0.996837 0.478615
0 0 0 1 0 0 0 1
0.996829  0.0217324  -0.076553 -0.105197 0.994263  -0.0681963  -0.0824077 -0.101195
0.0143311  -0.995284  -0.0959372 0.0599108 -0.073247  -0.995513  -0.0599025 -0.00295239
-0.078277  0.0945358  -0.992439 0.756491 -0.0779528  0.065595  -0.994797 0.474656
0 0 0 1 0 0 0 1
0.984393  -0.169803  -0.0462304 -0.103127 0.996131  0.0555399  -0.0680987 -0.0751832
-0.159411  -0.971663  0.174524 0.0930058 0.0693952  -0.972606  0.22186 -0.00255866
-0.0745552  -0.164431  -0.983567 0.713469 -0.0539111  -0.225727  -0.972698 0.47508
0 0 0 1 0 0 0 1
0.999999  0.00110293  0.00109755 -0.147034 0.99864  0.0514232  -0.00855589 -0.0539817
0.0010387  -0.998379  0.0568986 -0.0629667 0.0516391  -0.998293  0.0272823 -0.00545918
0.00115853  -0.0568974  -0.998379 0.608777 -0.00713835  -0.027687  -0.999591 0.479338
0 0 0 1 0 0 0 1
0.983846  0.0836012  -0.1583 -0.00612858 0.985506  0.00785412  -0.169458 -0.101014
0.0751779  -0.995454  -0.058482 -0.0836233 -0.00860664  -0.995326  -0.0961852 -0.0119035
-0.162469  0.0456366  -0.985658 0.89028 -0.169421  0.0962496  -0.980833 0.469141
0 0 0 1 0 0 0 1
0.997123  -0.0734454  -0.0187518 -0.0998263 0.994121  0.10424  -0.0292785 0.0160935
-0.0694684  -0.984401  0.161646 -0.0226785 0.107306  -0.984598  0.138027 0.0166916
-0.0303314  -0.159879  -0.986671 0.567881 -0.0144396  -0.140358  -0.989996 0.478934
0 0 0 1 0 0 0 1
0.979488  0.164956  -0.115724 0.0144002 0.97561  -0.152159  -0.158219 0.0150573
0.125229  -0.948264  -0.291741 0.0499752 -0.189445  -0.947738  -0.256717 -0.0168275
-0.157862  0.271265  -0.949471 0.737893 -0.110888  0.28043  -0.953448 0.476014
0 0 0 1 0 0 0 1
0.978219  0.20739  -0.00872832 -0.0753309 0.985506  -0.154013  -0.0711151 0.0234148
0.195512  -0.934688  -0.296872 -0.0587187 -0.16874  -0.933091  -0.317599 -0.0322012
-0.0697267  0.2887  -0.954877 0.602789 -0.0174425  0.324996  -0.945555 0.47262
0 0 0 1 0 0 0 1
0.996849  0.0760404  -0.0225609 -0.113534 0.992575  -0.116765  -0.03408 -0.0189442
0.0708162  -0.981364  -0.178636 0.0426994 -0.120563  -0.981552  -0.14839 -0.00840139
-0.035724  0.176475  -0.983657 0.604717 -0.0161246  0.151397  -0.988342 0.480298
0 0 0 1 0 0 0 1
0.996963  -0.0153463  -0.0763533 -0.0373998 0.996367  -0.0418026  -0.0741993 0.0269801
-0.0186197  -0.998929  -0.0423462 0.0631575 -0.0421878  -0.999103  -0.00363043 0.000755299
-0.0756217  0.0436393  -0.996181 0.642876 -0.073981  0.00674755  -0.997237 0.483713
0 0 0 1 0 0 0 1
0.997008  -0.0445706  -0.0631569 -0.110446 0.997165  -0.0333832  -0.0674326 -0.100573
-0.0456054  -0.998846  -0.0150382 0.0696834 -0.0311769  -0.998952  0.0335103 -0.0101095
-0.0624138  0.0178735  -0.99789 0.742574 -0.0684806  -0.0313129  -0.997161 0.479906
0 0 0 1 0 0 0 1
0.993024  0.113764  -0.0310015 -0.134763 0.983009  -0.171675  -0.0649656 -0.0832236
0.101252  -0.957455  -0.270236 0.0635194 -0.181934  -0.958208  -0.220765 -0.0206945
-0.0604256  0.265212  -0.962295 0.676486 -0.0243508  0.228833  -0.973161 0.476789
0 0 0 1 0 0 0 1
0.999999  0.000839416  0.000823727 -0.0974787 0.999999  0.000406118  0.00129836 0.0483048
0.000839694  -1  -0.000337448 -0.0254223 0.000404396  -0.999999  0.00132667 -0.0256256
0.000823443  0.000338139  -1 0.513321 0.0012989  -0.00132614  -0.999998 0.483929
0 0 0 1 0 0 0 1
0.957146  0.0984888  -0.272344 0.210523 0.965459  0.0251204  -0.259341 0.0575905
0.0866438  -0.994708  -0.0552126 -0.0882479 -0.000898159  -0.995015  -0.0997234 -0.00130586
-0.276341  0.0292496  -0.960614 0.892099 -0.260553  0.0965118  -0.960624 0.489083
0 0 0 1 0 0 0 1
0.996796  -0.0799582  -0.00221759 -0.158029 0.999773  0.019627  -0.00832335 -0.0948232
-0.0796814  -0.99501  0.0600482 0.0800678 0.0203841  -0.994413  0.103576 0.0193894
-0.00700787  -0.059679  -0.998193 0.65497 -0.00624396  -0.103722  -0.994587 0.484291
0 0 0 1 0 0 0 1
0.980024  -0.143262  -0.137946 0.0536271 0.988695  0.00610953  -0.149814 0.0264531
-0.128146  -0.98531  0.11288 0.0937082 0.0309432  -0.985975  0.164001 -0.00558613
-0.152091  -0.0929477  -0.983986 0.762008 -0.14671  -0.166783  -0.975018 0.48592
0 0 0 1 0 0 0 1
0.947562  -0.309876  -0.078118 0.00885928 0.967009  0.170275  -0.189473 -0.0218852
-0.250674  -0.872343  0.419737 0.0479194 0.237418  -0.872015  0.428044 0.0335394
-0.198212  -0.378145  -0.904278 0.794315 -0.0923379  -0.458907  -0.883673 0.465618
0 0 0 1 0 0 0 1
0.934448  -0.325331  -0.1448 0.0719119 0.976004  0.0621727  -0.208687 -0.0534765
-0.267123  -0.90929  0.319119 0.146566 0.141637  -0.909189  0.391553 0.0155411
-0.235484  -0.259521  -0.936588 0.906019 -0.165392  -0.411715  -0.896179 0.468639
0 0 0 1 0 0 0 1
0.984627  0.141977  -0.101749 -0.0502004 0.993388  0.00147552  -0.114793 -0.0867606
0.132391  -0.986587  -0.0954923 -0.14703 -0.017112  -0.986844  -0.160767 -0.0274891
-0.113942  0.0805537  -0.990216 0.802143 -0.11352  0.161669  -0.980294 0.477789
0 0 0 1 0 0 0 1
0.988735  0.0505368  -0.140887 0.0196033 0.989184  0.0700219  -0.128888 0.00467864
0.0573827  -0.997339  0.0449574 -0.125312 0.0663147  -0.997258  -0.0328386 0.00537746
-0.13824  -0.0525354  -0.989004 0.749761 -0.130834  0.0239362  -0.991115 0.487959
0 0 0 1 0 0 0 1
0.996456  -0.0838781  -0.00634237 -0.124322 0.999097  0.0408151  -0.0117729 -0.0334441
-0.0828675  -0.991804  0.0972536 0.0287341 0.0419559  -0.991501  0.123147 -0.0135749
-0.0144478  -0.0963834  -0.995239 0.603162 -0.00664657  -0.12353  -0.992319 0.487595
0 0 0 1 0 0 0 1
0.95598  -0.153454  -0.250109 0.220926 0.953682  0.0770602  -0.29078 0.0440755
-0.0990205  -0.971066  0.217313 -0.0513367 0.136181  -0.972505  0.188913 -0.00917349
-0.27622  -0.182981  -0.943515 0.920117 -0.268227  -0.219762  -0.937955 0.490509
0 0 0 1 0 0 0 1
0.997671  0.0679509  -0.00594992 -0.126625 0.9987  -0.0491232  -0.013635 -0.0337194
0.0670622  -0.993072  -0.0964903 -0.0500108 -0.0503004  -0.993019  -0.106691 -0.0320094
-0.0124653  0.0958666  -0.995316 0.603062 -0.00829879  0.107238  -0.994199 0.485771
0 0 0 1 0 0 0 1
0.967464  0.128966  -0.217673 0.128992 0.970077  -0.0687951  -0.232849 0.00305116
0.0888698  -0.978733  -0.184889 0.0210572 -0.110195  -0.979307  -0.169751 -0.000664786
-0.236888  0.159529  -0.95835 0.886155 -0.216353  0.19033  -0.957583 0.485772
0 0 0 1 0 0 0 1
0.991757  -0.0233246  -0.125989 -0.0369134 0.985973  0.10545  -0.12937 -0.0758957
-0.00644225  -0.991125  0.132777 -0.123154 0.115589  -0.990572  0.0735248 -0.00792361
-0.127968  -0.130871  -0.983106 0.800418 -0.120397  -0.0874472  -0.988867 0.483581
0 0 0 1 0 0 0 1
0.912051  -0.408041  -0.040806 0.0155215 0.965599  0.164992  -0.200989 -0.0287249
-0.338846  -0.805933  0.485444 0.14012 0.249353  -0.806766  0.535678 0.0460904
-0.230968  -0.428922  -0.873315 0.81666 -0.0737682  -0.567368  -0.820154 0.454026
0 0 0 1 0 0 0 1
0.963588  0.267175  0.0107764 -0.0985576 0.979185  -0.185125  -0.0832249 -0.0270158
0.251386  -0.891437  -0.377023 -0.0980565 -0.202969  -0.890852  -0.406431 -0.0455653
-0.0911244  0.366004  -0.926141 0.650331 0.00109936  0.414863  -0.909883 0.47061
0 0 0 1 0 0 0 1
0.999391  0.0343028  0.00644636 -0.166342 0.999553  -0.0298057  -0.00227891 -0.106982
0.034645  -0.997356  -0.0638742 0.0193109 -0.0298863  -0.998013  -0.0554656 0.0228543
0.00423826  0.0640586  -0.997937 0.655318 -0.000621187  0.055509  -0.998458 0.491777
0 0 0 1 0 0 0 1
0.989568  -0.0875064  -0.114449 -0.0193865 0.993303  -0.00186254  -0.115526 -0.0381789
-0.0810426  -0.994905  0.0599687 0.105033 0.00949095  -0.995176  0.0976487 0.0295807
-0.119114  -0.0500678  -0.991617 0.767114 -0.11515  -0.0980911  -0.988493 0.487324
0 0 0 1 0 0 0 1
0.979638  -0.200626  -0.00771151 -0.137802 0.980641  0.182924  -0.0698741 -0.0955801
-0.186671  -0.924292  0.332923 0.0188058 0.195763  -0.924118  0.328151 0.0296308
-0.0739207  -0.324705  -0.942922 0.694959 -0.00454506  -0.335477  -0.942037 0.479689
0 0 0 1 0 0 0 1
0.935016  0.354479  -0.00941152 -0.0615297 0.976648  -0.165049  -0.137538 -0.0696186
0.316552  -0.846346  -0.42836 -0.156977 -0.211829  -0.846635  -0.488198 -0.0453673
-0.15981  0.397545  -0.903559 0.774215 -0.0358677  0.505932  -0.861827 0.461624
0 0 0 1 0 0 0 1
0.991082  0.0995421  -0.0885895 -0.074501 0.988126  -0.109255  -0.108028 -0.0962831
0.0815491  -0.978861  -0.187563 0.0436978 -0.126126  -0.978326  -0.164227 -0.00268481
-0.105387  0.178666  -0.978249 0.784895 -0.0877439  0.175902  -0.980489 0.48612
0 0 0 1 0 0 0 1
0.990522  0.0659914  -0.120462 0.053171 0.989889  -0.0601758  -0.128445 0.0775556
0.0526494  -0.992451  -0.110763 0.00454188 -0.0730331  -0.992517  -0.0978558 -0.0162345
-0.126862  0.103371  -0.986519 0.683672 -0.121595  0.106247  -0.986877 0.497386
0 0 0 1 0 0 0 1
0.984617  -0.000986245  -0.174722 0.0967335 0.983305  -0.0304144  -0.179407 0.0353424
-0.00787872  -0.999218  -0.0387591 0.0629536 -0.0318091  -0.999482  -0.00490195 0.019333
-0.174547  0.0395394  -0.983855 0.800217 -0.179165  0.0105269  -0.983763 0.497031
0 0 0 1 0 0 0 1
0.951187  0.152434  -0.268342 0.240224 0.958881  -0.0281583  -0.282409 0.0576402
0.113655  -0.981413  -0.15463 -0.021388 -0.0805087  -0.981177  -0.175525 0.0130874
-0.286925  0.116584  -0.950832 0.920862 -0.272151  0.191044  -0.943099 0.499436
0 0 0 1 0 0 0 1
0.992284  0.0900746  -0.0851999 -0.0268825 0.994402  -0.0492814  -0.093464 -0.00323374
0.0793211  -0.98934  -0.122128 -0.00789314 -0.0614528  -0.989319  -0.132177 0.0109454
-0.0952922  0.114427  -0.988851 0.699195 -0.0859519  0.137181  -0.98681 0.494367
0 0 0 1 0 0 0 1
0.978326  0.187283  -0.0883369 -0.0312487 0.987896  -0.0848029  -0.129881 -0.0648285
0.16343  -0.960322  -0.225993 -0.050817 -0.115643  -0.960706  -0.252329 0.00135739
-0.127156  0.206658  -0.970115 0.793729 -0.103379  0.264295  -0.958885 0.487998
0 0 0 1 0 0 0 1
0.888383  -0.458066  0.0308522 -0.0359157 0.952716  0.223911  -0.205416 -0.043017
-0.390517  -0.718624  0.575392 0.152379 0.303782  -0.717305  0.627049 0.0602952
-0.241396  -0.523217  -0.817296 0.781803 -0.00694273  -0.659801  -0.751408 0.438687
0 0 0 1 0 0 0 1
0.992377  -0.122385  -0.0144994 -0.0507857 0.996242  0.0781152  -0.0374069 0.0644604
-0.118362  -0.979249  0.164507 0.0351468 0.0837515  -0.97892  0.186284 3.17519e-05
-0.0343317  -0.161537  -0.986269 0.551849 -0.0220667  -0.188717  -0.981784 0.495345
0 0 0 1 0 0 0 1
0.986669  -0.0187734  -0.161651 -0.0036271 0.984541  -0.0704065  -0.16038 -0.103191
-0.0288294  -0.997777  -0.0600888 0.101414 -0.072896  -0.997293  -0.00968422 -0.00511342
-0.160163  0.063948  -0.985017 0.884004 -0.159264  0.0212256  -0.987008 0.48669
0 0 0 1 0 0 0 1
0.992771  -0.0775191  -0.0916369 -0.0808111 0.985799  0.130088  -0.106193 -0.110207
-0.0586204  -0.979366  0.193405 -0.0790064 0.145298  -0.977797  0.151004 0.0132624
-0.104739  -0.186635  -0.97683 0.793444 -0.0841911  -0.164289  -0.982813 0.487659
0 0 0 1 0 0 0 1
0.966101  -0.21561  -0.141992 0.0510106 0.986776  0.0184312  -0.16104 -0.0300838
-0.18949  -0.965761  0.177197 0.1382 0.058923  -0.966334  0.250454 0.000639461
-0.175336  -0.144284  -0.973879 0.836786 -0.151002  -0.256631  -0.954641 0.48973
0 0 0 1 0 0 0 1
0.99552  -0.0934043  -0.014665 -0.0753093 0.999512  0.0216536  -0.0225352 0.0248665
-0.091825  -0.992103  0.085443 0.0451776 0.0241257  -0.992964  0.115937 -0.0255938
-0.0225299  -0.0837136  -0.996235 0.574273 -0.0198662  -0.116424  -0.993001 0.498287
0 0 0 1 0 0 0 1
0.966007  -0.258396  0.0078364 -0.072521 0.978527  0.188448  -0.0834976 0.00939398
-0.241934  -0.892952  0.379612 0.0736134 0.206117  -0.893493  0.398982 0.0349364
-0.0910927  -0.368604  -0.925113 0.622253 0.00058294  -0.407625  -0.913149 0.481275
0 0 0 1 0 0 0 1
0.994266  -0.048609  -0.0952534 0.0289441 0.994875  0.0246165  -0.0980733 0.084864
-0.043412  -0.997492  0.0558939 -0.0157322 0.0313664  -0.9972  0.0678886 -0.030612
-0.0977315  -0.0514383  -0.993883 0.635411 -0.0961275  -0.0706169  -0.992861 0.501975
0 0 0 1 0 0 0 1
0.988166  -0.13389  -0.0748437 -0.0013594 0.985922  0.132616  -0.10184 0.048481
-0.112035  -0.963276  0.244022 -0.0425191 0.152392  -0.963322  0.220879 0.00201452
-0.104767  -0.232749  -0.966877 0.652291 -0.0688126  -0.233289  -0.96997 0.496892
0 0 0 1 0 0 0 1
0.992  0.116535  -0.0485292 -0.111711 0.998868  -0.00564228  -0.0472332 -0.103517
0.1128  -0.990884  -0.0736608 -0.0810103 -0.0120207  -0.990654  -0.13587 0.0234625
-0.0566708  0.0675974  -0.996102 0.72922 -0.0460251  0.136284  -0.9896 0.496015
0 0 0 1 0 0 0 1
0.999189  0.0121319  -0.038404 -0.126363 0.997161  0.0643077  -0.0391602 -0.104371
0.0147293  -0.99757  0.0680912 -0.0651325 0.0650276  -0.997732  0.0173942 0.0181065
-0.0374846  -0.0686016  -0.99694 0.709228 -0.0379528  -0.0198913  -0.999082 0.496052
0 0 0 1 0 0 0 1
0.996087  -0.0228625  -0.0853708 0.0270512 0.995801  -0.0365605  -0.0839277 0.0975489
-0.0255374  -0.999212  -0.0303737 0.0552856 -0.0360681  -0.999322  0.00737517 -0.0107677
-0.0846091  0.032435  -0.995886 0.608527 -0.0841405  -0.00431708  -0.996445 0.501847
0 0 0 1 0 0 0 1
0.935464  -0.344568  -0.0786119 0.0178647 0.983515  0.0941097  -0.154407 -0.0423525
-0.297271  -0.887429  0.352279 0.165476 0.153086  -0.887822  0.433979 0.0117755
-0.191147  -0.306175  -0.932588 0.816795 -0.0962446  -0.450462  -0.887593 0.480712
0 0 0 1 0 0 0 1
0.994766  0.0755934  -0.068742 0.012785 0.997729  -0.00149549  -0.0673369 0.0975996
0.0721527  -0.996077  -0.051231 -0.0425803 -0.00722555  -0.996361  -0.0849325 0.0273191
-0.072345  0.0460029  -0.996318 0.588068 -0.0669648  0.0852262  -0.994109 0.503979
0 0 0 1 0 0 0 1
0.974042  -0.0430019  -0.222247 0.168162 0.9755  0.00900733  -0.219816 0.0725295
-0.0340281  -0.99845  0.0440522 0.0207853 0.0201334  -0.998624  0.0484278 0.00643682
-0.223797  -0.0353461  -0.973995 0.820596 -0.219078  -0.051667  -0.974338 0.50523
0 0 0 1 0 0 0 1
0.999347  0.0361418  0.000570676 -0.0578753 0.999387  -0.0350045  -0.000548581 0.104363
0.0361145  -0.997679  -0.0577213 -0.00509482 -0.0349649  -0.997225  -0.0657262 -0.00633697
-0.0015168  0.0577042  -0.998333 0.469171 0.00175366  0.0657051  -0.997838 0.499224
0 0 0 1 0 0 0 1
0.994239  0.066688  -0.0839134 -0.024936 0.996746  0.0235971  -0.0770755 0.00361368
0.0658241  -0.997746  -0.0130227 -0.0680598 0.0187809  -0.99786  -0.0626235 0.0211397
-0.0845927  0.00742417  -0.996388 0.682501 -0.0783884  0.0609722  -0.995057 0.500757
0 0 0 1 0 0 0 1
0.999788  -0.0156606  0.0133436 -0.122545 0.999382  -0.0338079  0.00962122 -0.0139703
-0.0153266  -0.999576  -0.0247722 0.0392354 -0.033777  -0.999424  -0.00336233 -0.0152209
0.0137259  0.0245624  -0.999604 0.55735 0.00972935  0.00303528  -0.999948 0.500673
0 0 0 1 0 0 0 1
0.997011  0.00277064  -0.0772129 -0.0658462 0.996844  -0.0332659  -0.0720857 -0.0494818
-0.00030497  -0.999208  -0.0397926 0.00875336 -0.0350612  -0.999102  -0.0237834 -0.027287
-0.077262  0.0396972  -0.99622 0.712884 -0.0712298  0.0262357  -0.997115 0.498741
0 0 0 1 0 0 0 1
0.929486  0.366014  0.0457175 -0.104409 0.950265  -0.271814  -0.152033 -0.0553927
0.329722  -0.768899  -0.547794 -0.0814078 -0.309502  -0.769746  -0.558301 -0.0608452
-0.165348  0.524241  -0.835363 0.698132 0.0347271  0.577588  -0.815589 0.455646
0 0 0 1 0 0 0 1
0.993144  -0.116674  -0.00716144 -0.13864 0.989598  0.140151  -0.0324468 -0.0857113
-0.111656  -0.964997  0.237305 -0.0152783 0.143849  -0.966468  0.212716 0.0192357
-0.034598  -0.234878  -0.971409 0.661038 -0.00154653  -0.215171  -0.976575 0.495232
0 0 0 1 0 0 0 1
0.993277  0.111837  -0.0298942 -0.0285837 0.996458  -0.0717484  -0.0438616 0.0755306
0.105831  -0.981907  -0.157029 -0.0232039 -0.0782725  -0.982008  -0.171852 0.00629426
-0.0469149  0.152809  -0.987142 0.56353 -0.0307423  0.174676  -0.984146 0.502649
0 0 0 1 0 0 0 1
0.989211  0.101677  -0.105464 -0.00265835 0.983591  -0.124229  -0.130826 -0.0201053
0.0774426  -0.974047  -0.212687 0.0791914 -0.146257  -0.973631  -0.175075 0.00704043
-0.124352  0.202225  -0.971412 0.755037 -0.105627  0.191336  -0.975824 0.498944
0 0 0 1 0 0 0 1
0.98941  -0.0864261  -0.116609 -0.0115932 0.982882  0.12715  -0.133327 -0.0377231
-0.0615598  -0.977427  0.202106 -0.0740975 0.1474  -0.976852  0.155028 0.0153627
-0.131444  -0.192787  -0.972397 0.76929 -0.110528  -0.172027  -0.978872 0.496317
0 0 0 1 0 0 0 1
0.993278  -0.091425  -0.0709907 -0.0470282 0.993962  0.0631714  -0.0897135 -0.0503486
-0.081479  -0.987869  0.132196 -0.00965109 0.074901  -0.988139  0.134056 -0.0149469
-0.0822155  -0.125523  -0.988678 0.741502 -0.0801809  -0.139967  -0.986904 0.499839
0 0 0 1 0 0 0 1
0.999381  -0.030311  -0.0178468 -0.0321443 0.999924  -0.00238617  -0.0120821 0.111412
-0.0300727  -0.999457  0.0134761 0.0150124 -0.00199824  -0.999485  0.0320189 -0.0188
-0.0182456  -0.012931  -0.99975 0.495961 -0.0121523  -0.0319924  -0.999414 0.503059
0 0 0 1 0 0 0 1
0.94467  -0.327608  0.0164963 -0.0460648 0.97353  0.198349  -0.113568 0.00953935
-0.30083  -0.845212  0.441721 0.108866 0.228558  -0.846732  0.480422 0.0322178
-0.130769  -0.422243  -0.897001 0.660241 -0.000870343  -0.493662  -0.869653 0.481154
0 0 0 1 0 0 0 1
0.991079  0.131325  -0.022723 -0.0854515 0.987853  -0.142662  -0.0615986 -0.0330882
0.121783  -0.961615  -0.245898 0.0298865 -0.153087  -0.961494  -0.228239 -0.00625599
-0.0541433  0.240938  -0.969029 0.656314 -0.0266658  0.234896  -0.971655 0.497942
0 0 0 1 0 0 0 1
0.992201  -0.0700578  -0.103101 0.0419277 0.989298  0.0923769  -0.112942 0.0759682
-0.0537465  -0.986724  0.153252 -0.0366995 0.105962  -0.986995  0.120882 0.0183745
-0.112468  -0.146515  -0.982794 0.663142 -0.100307  -0.131556  -0.986221 0.504369
0 0 0 1 0 0 0 1
0.99025  0.0545815  -0.128162 0.0416297 0.992915  0.0223447  -0.11671 0.0510013
0.0523701  -0.998416  -0.0205646 -0.109832 0.016379  -0.998522  -0.0518266 -0.0377221
-0.129082  0.0136522  -0.99154 0.702464 -0.117695  0.0495478  -0.991813 0.504567
0 0 0 1 0 0 0 1
0.979644  -0.140212  -0.143663 0.0902023 0.98884  0.0113667  -0.148548 0.0721061
-0.12287  -0.984742  0.123232 0.112937 0.0365724  -0.985096  0.168073 0.0200531
-0.15875  -0.103072  -0.981924 0.728515 -0.144423  -0.17163  -0.974518 0.504225
0 0 0 1 0 0 0 1
0.989711  -0.127747  -0.0644397 -0.0967176 0.977278  0.185649  -0.102281 -0.110946
-0.102623  -0.947628  0.30244 -0.0922792 0.205106  -0.950011  0.235395 0.0145606
-0.0997006  -0.292715  -0.950988 0.764831 -0.053467  -0.251025  -0.966503 0.492975
0 0 0 1 0 0 0 1
0.983058  0.177835  -0.0443944 -0.0170062 0.994515  -0.079163  -0.0683533 0.044816
0.164979  -0.964022  -0.208429 -0.0754333 -0.0936361  -0.965073  -0.244676 0.000804476
-0.0798632  0.197574  -0.977029 0.629442 -0.0465966  0.249735  -0.967193 0.502521
0 0 0 1 0 0 0 1
0.98277  -0.175032  -0.0593946 -0.022082 0.995082  0.0535562  -0.0833302 0.00461074
-0.162173  -0.970715  0.177233 0.0812844 0.0715702  -0.97031  0.231034 -0.0159326
-0.0886767  -0.164547  -0.982375 0.68236 -0.0684828  -0.235862  -0.969371 0.503015
0 0 0 1 0 0 0 1
0.959957  -0.26297  -0.0965873 0.0536708 0.977025  0.126613  -0.171438 0.0285326
-0.218202  -0.918083  0.330925 0.0812311 0.181176  -0.917044  0.355253 0.0419064
-0.175699  -0.296599  -0.938701 0.760699 -0.112236  -0.378152  -0.918915 0.49162
0 0 0 1 0 0 0 1
0.991943  0.0690948  -0.106185 -0.0310245 0.992919  0.0523823  -0.10662 -0.0852397
0.0710917  -0.997355  0.0151326 -0.152071 0.0463903  -0.997242  -0.0579262 -0.0292276
-0.104858  -0.0225595  -0.994231 0.812664 -0.10936  0.0525699  -0.992611 0.498919
0 0 0 1 0 0 0 1
0.99901  0.0149658  -0.0418942 -0.067988 0.998512  0.0397321  -0.0373521 -0.00409222
0.0165507  -0.99915  0.0377436 -0.0736121 0.0399159  -0.999194  0.00418554 -0.0126568
-0.0412937  -0.0383996  -0.998409 0.628393 -0.0371557  -0.00567025  -0.999293 0.505396
0 0 0 1 0 0 0 1
0.898881  0.437354  -0.0270998 0.0143721 0.955791  -0.191729  -0.222941 -0.0419814
0.355846  -0.764652  -0.53729 -0.129202 -0.287915  -0.76423  -0.577111 -0.0586533
-0.255708  0.473316  -0.842962 0.836923 -0.0597292  0.615786  -0.785646 0.454846
0 0 0 1 0 0 0 1
0.994314  -0.0504838  -0.0937597 -0.0500182 0.994299  -0.0492254  -0.0945847 -0.0836965
-0.0532871  -0.998197  -0.0276375 0.140975 -0.0461609  -0.998344  0.0343195 0.0361311
-0.0921954  0.0324765  -0.995211 0.784102 -0.0961175  -0.0297578  -0.994925 0.500789
0 0 0 1 0 0 0 1
0.990739  0.0462046  -0.127674 0.0239863 0.990322  -0.0313365  -0.135201 -0.0175115
0.0385032  -0.997324  -0.062145 -0.0236488 -0.0406147  -0.996965  -0.0664215 -0.0268837
-0.130204  0.0566536  -0.989867 0.784165 -0.13271  0.0712699  -0.988589 0.503782
0 0 0 1 0 0 0 1
0.986895  -0.161278  0.00531343 -0.0590625 0.987135  0.154489  -0.0411967 0.0578
-0.156573  -0.949103  0.27329 0.00931528 0.15987  -0.949922  0.268497 0.0113512
-0.0390327  -0.270541  -0.961917 0.543487 0.00234615  -0.271629  -0.962399 0.501884
0 0 0 1 0 0 0 1
0.975289  0.162514  -0.149666 0.0546166 0.987965  0.0181351  -0.153609 -0.0401611
0.149063  -0.984043  -0.097163 -0.13191 -0.0101177  -0.983399  -0.181174 0.0136788
-0.163068  0.0724524  -0.983951 0.849137 -0.154345  0.180547  -0.971381 0.502634
0 0 0 1 0 0 0 1
0.932201  -0.360841  0.0282017 -0.0901086 0.968917  0.213691  -0.124644 -0.0702771
-0.329639  -0.814248  0.477848 0.137371 0.247181  -0.815695  0.523013 0.0511149
-0.149464  -0.454747  -0.87799 0.731671 0.0100914  -0.537566  -0.843161 0.468381
0 0 0 1 0 0 0 1
0.980663  -0.192694  -0.0341853 -0.0956142 0.990319  0.114274  -0.078799 -0.0991061
-0.177473  -0.949261  0.259627 0.0682356 0.132092  -0.950276  0.282006 0.020388
-0.0824793  -0.24854  -0.965104 0.750879 -0.0426549  -0.289685  -0.956171 0.49648
0 0 0 1 0 0 0 1
0.992746  -0.048724  -0.109918 0.0105116 0.993758  0.0148221  -0.110566 -0.00523268
-0.0431872  -0.997702  0.0522038 -0.0060873 0.0216472  -0.997916  0.0607854 -0.0274047
-0.112209  -0.047078  -0.992569 0.743652 -0.109435  -0.0627994  -0.992008 0.509094
0 0 0 1 0 0 0 1
0.961636  0.261056  -0.0842957 0.0377618 0.981792  -0.108943  -0.155617 0.0119378
0.223813  -0.924287  -0.309194 -0.111208 -0.157805  -0.923785  -0.348882 -0.0420328
-0.15863  0.278466  -0.947256 0.763662 -0.105749  0.367087  -0.924156 0.494453
0 0 0 1 0 0 0 1
0.993255  0.086813  -0.0768682 -0.00161781 0.986089  -0.137454  -0.0934578 0.045314
0.0680627  -0.973204  -0.219639 0.0674327 -0.151648  -0.974174  -0.167294 -0.0209484
-0.093876  0.212926  -0.972548 0.646236 -0.0680489  0.17914  -0.981467 0.507962
0 0 0 1 0 0 0 1
0.987724  0.0873887  -0.12948 -0.0191694 0.972254  -0.174371  -0.155937 -0.0894999
0.0514435  -0.964612  -0.258605 0.148433 -0.200462  -0.964627  -0.171204 -0.00670701
-0.147497  0.248769  -0.957266 0.828803 -0.120568  0.197713  -0.972817 0.498845
0 0 0 1 0 0 0 1
0.971062  0.214905  -0.104186 -0.0182583 0.976043  -0.145333  -0.16192 -0.0922354
0.170492  -0.929261  -0.327729 -0.00579243 -0.190082  -0.931689  -0.309556 -0.0264772
-0.167247  0.300483  -0.939009 0.848448 -0.10587  0.332918  -0.936994 0.492596
0 0 0 1 0 0 0 1
0.967099  -0.247539  -0.0586903 -0.012965 0.982657  0.137706  -0.124183 -0.0215942
-0.215389  -0.919475  0.328898 0.0564423 0.172993  -0.921939  0.346558 0.0150534
-0.135379  -0.305436  -0.94254 0.742917 -0.0667662  -0.36203  -0.929772 0.499334
0 0 0 1 0 0 0 1
0.974594  0.216528  -0.0572981 -0.00801523 0.965502  -0.216122  -0.14525 0.0123013
0.176454  -0.899809  -0.399009 0.0553119 -0.254409  -0.90185  -0.349203 -0.0261394
-0.137954  0.378761  -0.915155 0.694488 -0.0555234  0.374109  -0.925721 0.499525
0 0 0 1 0 0 0 1
0.992685  -0.0415523  -0.113356 0.0132921 0.994245  -0.0339973  -0.101595 0.0104834
-0.0437355  -0.998901  -0.0168397 0.116293 -0.0309676  -0.999032  0.0312519 0.0408446
-0.112532  0.0216742  -0.993412 0.719614 -0.102559  -0.0279258  -0.994335 0.510679
0 0 0 1 0 0 0 1
0.99274  -0.0379179  -0.114145 0.0717571 0.991711  0.0423712  -0.121297 0.098077
-0.0292888  -0.996651  0.0763487 0.0049713 0.0504473  -0.996655  0.0643024 0.0282193
-0.116657  -0.0724513  -0.990526 0.663576 -0.118167  -0.0698885  -0.990531 0.51558
0 0 0 1 0 0 0 1
0.999239  -0.0365731  0.0135847 -0.15482 0.99864  -0.0487106  0.0185959 -0.0899375
-0.0360303  -0.998618  -0.038253 0.0556424 -0.0489646  -0.99871  0.0134569 -0.0325684
0.014965  0.0377345  -0.999176 0.620391 0.0179164  -0.0143492  -0.999737 0.51292
0 0 0 1 0 0 0 1
0.995857  0.0907138  0.00637334 -0.154646 0.996794  -0.0793178  -0.0104824 -0.111781
0.0907002  -0.985757  -0.14162 -0.0504327 -0.079993  -0.985536  -0.149396 -0.0392459
-0.00656434  0.141611  -0.989901 0.668441 0.00151895  0.149756  -0.988722 0.507055
0 0 0 1 0 0 0 1
0.967307  -0.22075  -0.124848 0.0453933 0.961227  0.186311  -0.203299 -0.0290962
-0.160434  -0.9139  0.372891 -0.0741946 0.245465  -0.914035  0.322935 0.0181019
-0.196414  -0.34067  -0.919438 0.830353 -0.125656  -0.360317  -0.924328 0.497613
0 0 0 1 0 0 0 1
0.942923  0.331275  0.0339603 -0.0617027 0.967919  -0.224186  -0.113464 0.00079035
0.308096  -0.829121  -0.466514 -0.110453 -0.250619  -0.829061  -0.499848 -0.0511537
-0.126388  0.45035  -0.883861 0.652101 0.0179898  0.512248  -0.858649 0.480894
0 0 0 1 0 0 0 1
0.978144  -0.20787  -0.00496568 -0.136137 0.96226  0.253704  -0.0984383 -0.110538
-0.186455  -0.887441  0.421526 -0.0527014 0.272047  -0.887781  0.371262 0.0366624
-0.0920295  -0.411387  -0.906803 0.707393 0.00679908  -0.384031  -0.923295 0.491133
0 0 0 1 0 0 0 1
0.958664  -0.259811  -0.116026 0.0510319 0.985314  0.0606456  -0.159619 -0.0156169
-0.22391  -0.940436  0.25582 0.160003 0.110026  -0.940358  0.321903 0.0397229
-0.17558  -0.219266  -0.959736 0.81379 -0.130577  -0.334738  -0.93322 0.497781
0 0 0 1 0 0 0 1
0.977621  -0.143192  -0.154122 0.046436 0.986386  0.00846237  -0.16423 -0.0611697
-0.126802  -0.98565  0.111425 0.0827239 0.0356635  -0.985916  0.163397 -0.0123104
-0.167866  -0.0893884  -0.981749 0.872756 -0.160534  -0.16703  -0.972795 0.506789
0 0 0 1 0 0 0 1
0.99568  0.0928336  -0.00184102 -0.0707401 0.995218  -0.0962933  -0.016366 0.0480822
0.0911886  -0.981389  -0.168998 -0.036657 -0.0976703  -0.982616  -0.157882 -0.0424122
-0.0174955  0.1681  -0.985615 0.535353 -0.000878516  0.158726  -0.987322 0.508551
0 0 0 1 0 0 0 1
0.99861  0.0184541  -0.0493791 -0.0261713 0.993814  -0.0976342  -0.0529199 0.0362307
0.0122339  -0.992278  -0.123427 0.0700576 -0.101228  -0.992389  -0.0701196 -0.026484
-0.0512756  0.122651  -0.991124 0.61816 -0.0456711  0.0750428  -0.996134 0.513482
0 0 0 1 0 0 0 1
0.976419  -0.170249  -0.132748 0.0366293 0.979638  0.113416  -0.165671 -0.0263911
-0.131452  -0.956624  0.259984 0.00523875 0.15146  -0.959136  0.238993 0.0257214
-0.171252  -0.236403  -0.956445 0.815111 -0.131796  -0.259219  -0.956784 0.50436
0 0 0 1 0 0 0 1
0.998493  0.0465167  -0.0291334 -0.132666 0.999814  0.00706121  -0.0179643 -0.108381
0.0460394  -0.998798  -0.0168432 -0.10027 0.00625773  -0.998994  -0.0443961 -0.0477652
-0.0298819  0.0154765  -0.999434 0.694628 -0.0182597  0.0442754  -0.998852 0.511851
0 0 0 1 0 0 0 1
0.991259  -0.1317  0.00782156 -0.095564 0.992931  0.116328  -0.0235913 -0.00898772
-0.130377  -0.968771  0.210914 0.0350405 0.118668  -0.968512  0.218864 0.0229091
-0.0202002  -0.21009  -0.977473 0.590196 0.00261163  -0.220116  -0.97547 0.509394
0 0 0 1 0 0 0 1
0.986723  0.16219  -0.00847771 -0.137574 0.972221  -0.220488  -0.0785637 -0.118777
0.148443  -0.921807  -0.358102 0.0547153 -0.234002  -0.923478  -0.304027 -0.0352263
-0.0658954  0.352089  -0.933644 0.712864 -0.00551754  0.313965  -0.949418 0.498944
0 0 0 1 0 0 0 1
0.973269  -0.207005  -0.0994787 0.0671811 0.989271  0.0602154  -0.133103 0.0596251
-0.182553  -0.960104  0.211838 0.0987572 0.0940449  -0.959704  0.26481 0.00444966
-0.139362  -0.188016  -0.972229 0.715008 -0.111794  -0.274487  -0.95507 0.513082
0 0 0 1 0 0 0 1
0.998892  -0.0468258  0.00464591 -0.0513743 0.997075  0.07643  0.000233961 0.101733
-0.047052  -0.992697  0.111082 0.00977765 0.0760466  -0.992369  0.0970555 0.0415139
-0.000589527  -0.111178  -0.9938 0.471958 0.00765013  -0.0967538  -0.995279 0.5125
0 0 0 1 0 0 0 1
