0.993776  0.0984467  -0.0521292 -0.125318 0.99767  -0.0119337  -0.0671714 -0.0422908
0.0945442  -0.992864  -0.0726747 -0.0873627 -0.0202344  -0.99204  -0.124287 -0.00797841
-0.0589118  0.0672938  -0.995992 0.666505 -0.0651536  0.125357  -0.98997 0.429725
0 0 0 1 0 0 0 1
0.994869  -0.0729935  -0.0700494 -0.115725 0.995808  0.0378007  -0.0832868 -0.0670162
-0.0667873  -0.993951  0.0871853 0.0271326 0.0459919  -0.99405  0.0987341 0.00435309
-0.0759896  -0.0820596  -0.993726 0.716935 -0.0790591  -0.102151  -0.991622 0.436799
0 0 0 1 0 0 0 1
0.991233  -0.116003  -0.0632408 -0.0840793 0.99682  0.0394648  -0.0692235 0.00557192
-0.107632  -0.98659  0.1227 0.073762 0.049393  -0.987731  0.148147 0.0107154
-0.0766264  -0.114818  -0.990427 0.642967 -0.0625276  -0.151095  -0.98654 0.440046
0 0 0 1 0 0 0 1
0.997187  -0.0361788  -0.0656399 -0.125003 0.99775  -0.0285949  -0.0606329 -0.0540224
-0.0364171  -0.999334  -0.00243818 0.0813163 -0.0266747  -0.999124  0.0322449 0.0106764
-0.0655079  0.00482174  -0.99784 0.675959 -0.0615018  -0.030555  -0.997639 0.440407
0 0 0 1 0 0 0 1
0.996072  0.0527598  -0.0711082 -0.0369956 0.996262  0.00539626  -0.0862117 0.0662187
0.0517224  -0.998528  -0.0163534 -0.066052 0.000355505  -0.998294  -0.0583781 -0.012491
-0.0718663  0.0126112  -0.997335 0.606387 -0.0863797  0.0581292  -0.994565 0.45305
0 0 0 1 0 0 0 1
0.993427  -0.0510874  -0.102438 -0.0666578 0.995709  0.0349704  -0.0856795 -0.00644372
-0.0450569  -0.99716  0.0603451 -0.0152848 0.0406054  -0.997063  0.0649339 -0.00766356
-0.10523  -0.0553329  -0.992907 0.680926 -0.0831571  -0.0681343  -0.994205 0.449731
0 0 0 1 0 0 0 1
0.999899  0.00750966  -0.0120793 -0.12528 0.999042  0.0388164  -0.0201952 0.0109464
0.00792883  -0.999355  0.0350362 -0.0436842 0.0389619  -0.999217  0.00686527 0.00591767
-0.0118083  -0.0351284  -0.999313 0.56264 -0.0199129  -0.00764553  -0.999772 0.453388
0 0 0 1 0 0 0 1
0.974848  -0.176317  -0.136324 0.0228682 0.985792  0.064084  -0.155268 0.028193
-0.149043  -0.970516  0.189431 0.0602293 0.098387  -0.969491  0.224517 0.00982414
-0.165705  -0.164348  -0.972385 0.745438 -0.136143  -0.236603  -0.962021 0.45144
0 0 0 1 0 0 0 1
0.984821  0.121331  -0.124121 0.0139388 0.987147  -0.0556666  -0.149804 0.0255482
0.100613  -0.98175  -0.161381 -0.0218713 -0.0797547  -0.9839  -0.159938 -0.00167698
-0.141436  0.146444  -0.979056 0.733557 -0.138489  0.16983  -0.975694 0.454672
0 0 0 1 0 0 0 1
0.998213  0.0466009  -0.0374116 -0.163045 0.999542  0.0138001  -0.0269385 -0.0798186
0.0462332  -0.998874  -0.0106349 -0.0797883 0.0123974  -0.998593  -0.0515629 -0.0205131
-0.0378651  0.00888626  -0.999243 0.64902 -0.0276122  0.0512053  -0.998306 0.453392
0 0 0 1 0 0 0 1
0.982682  -0.177957  -0.0516408 -0.0706013 0.993729  0.0882419  -0.0686668 0.0215428
-0.164152  -0.965337  0.202925 0.0757754 0.102716  -0.963079  0.248853 0.0166301
-0.0859626  -0.190934  -0.977832 0.628321 -0.0441723  -0.254346  -0.966104 0.4517
0 0 0 1 0 0 0 1
0.990258  -0.0244283  -0.137088 0.0106023 0.991821  -0.0418033  -0.120599 0.0725188
-0.0270457  -0.999485  -0.0172625 0.0844343 -0.0408026  -0.999109  0.010756 0.0118516
-0.136596  0.0208019  -0.990408 0.657026 -0.120941  -0.00574723  -0.992643 0.460174
0 0 0 1 0 0 0 1
0.992021  0.101963  -0.0741514 -0.0728093 0.997384  -0.0398005  -0.0603373 0.0196904
0.0933791  -0.989398  -0.111226 -0.0614834 -0.0478525  -0.989206  -0.138495 -0.0159788
-0.0847061  0.103414  -0.991025 0.624458 -0.0541739  0.14102  -0.988523 0.455069
0 0 0 1 0 0 0 1
0.98751  0.155036  -0.0280861 -0.137023 0.99575  -0.0769719  -0.0505704 -0.071255
0.147281  -0.971636  -0.185019 -0.0804027 -0.0863994  -0.970865  -0.223507 -0.0134528
-0.055974  0.178571  -0.982334 0.675172 -0.0318932  0.226927  -0.97339 0.450891
0 0 0 1 0 0 0 1
0.971229  -0.2074  -0.117042 -0.036238 0.989656  0.0429993  -0.136868 -0.0597451
-0.181856  -0.963228  0.197788 0.125323 0.0768517  -0.964492  0.252684 0.0190687
-0.153759  -0.170813  -0.973232 0.799466 -0.121142  -0.260588  -0.95782 0.447558
0 0 0 1 0 0 0 1
0.991746  -0.00625574  -0.128063 -0.0702979 0.990691  0.0326086  -0.132166 -0.103656
-0.0010019  -0.999157  0.0410489 -0.0370357 0.0364976  -0.998966  0.0271092 -0.00269168
-0.128212  -0.0405818  -0.990916 0.826794 -0.131146  -0.0316806  -0.990857 0.449645
0 0 0 1 0 0 0 1
0.984131  -0.12937  -0.121444 -0.0564767 0.988331  0.0485367  -0.144382 -0.0874417
-0.109684  -0.981528  0.156755 0.0437801 0.0727816  -0.983147  0.167705 0.00167036
-0.139481  -0.140947  -0.980142 0.820257 -0.133809  -0.176256  -0.975207 0.450908
0 0 0 1 0 0 0 1
0.983869  0.109532  -0.141436 0.0315201 0.987679  0.0284323  -0.153887 0.0192228
0.102169  -0.993055  -0.0583333 -0.130861 0.0106849  -0.993314  -0.114947 -0.0107265
-0.146844  0.0429419  -0.988227 0.758992 -0.156127  0.111886  -0.98138 0.459968
0 0 0 1 0 0 0 1
0.999459  0.027972  -0.0172929 -0.120747 0.9973  -0.0666204  -0.030882 -0.00338106
0.0264549  -0.996241  -0.0824808 0.0451612 -0.0685982  -0.995313  -0.0681582 -0.0027439
-0.0195351  0.0819787  -0.996443 0.583913 -0.0261966  0.0700926  -0.997196 0.459283
0 0 0 1 0 0 0 1
0.987441  -0.00508097  -0.157909 -0.00325621 0.987416  -0.0212851  -0.156705 -0.0349947
-0.0085372  -0.999738  -0.021217 0.0305775 -0.0205355  -0.999769  0.00640095 0.000572803
-0.15776  0.0222986  -0.987226 0.800959 -0.156805  -0.00310238  -0.987625 0.459336
0 0 0 1 0 0 0 1
0.986577  -0.0795349  -0.142621 0.0524133 0.985206  -0.0393955  -0.166785 0.032738
-0.074853  -0.996474  0.0379061 0.120632 -0.0269907  -0.996742  0.0760007 0.00952811
-0.145133  -0.0267216  -0.989051 0.763001 -0.169236  -0.0703747  -0.98306 0.463528
0 0 0 1 0 0 0 1
0.992619  0.0319239  -0.116993 -0.00953374 0.989775  -0.0924522  -0.108622 0.0414859
0.0178399  -0.992673  -0.119509 0.086857 -0.100927  -0.992041  -0.0752912 -0.00120607
-0.119951  0.11654  -0.985916 0.672395 -0.100797  0.0854841  -0.991228 0.463434
0 0 0 1 0 0 0 1
0.992626  -0.0742173  -0.0958456 -0.0284619 0.987342  0.104055  -0.119703 0.021444
-0.0562026  -0.982318  0.178587 -0.0681575 0.119363  -0.984465  0.128765 0.00426094
-0.107405  -0.171883  -0.979245 0.681655 -0.104444  -0.141423  -0.984424 0.46183
0 0 0 1 0 0 0 1
0.999362  -0.0182564  -0.0306995 -0.078757 0.999904  0.00473712  -0.0130424 0.0746493
-0.0174734  -0.99952  0.0255814 0.0294122 0.00513369  -0.99952  0.0305426 0.0177515
-0.0311518  -0.0250286  -0.999201 0.52059 -0.0128915  -0.0306066  -0.999448 0.462133
0 0 0 1 0 0 0 1
0.994044  0.00791186  -0.108688 -0.0526689 0.990874  -0.0821346  -0.106872 -0.0386288
-0.00272291  -0.995246  -0.0973512 0.104229 -0.0879646  -0.994816  -0.0510244 0.00601021
-0.108942  0.0970673  -0.989298 0.739079 -0.102127  0.0599598  -0.992963 0.460478
0 0 0 1 0 0 0 1
0.979664  -0.0666918  -0.189237 0.0301917 0.984571  0.0555601  -0.165932 -0.00295641
-0.0439181  -0.991547  0.122086 -0.0368669 0.0725014  -0.992557  0.0978486 -0.00890518
-0.195779  -0.111292  -0.974312 0.795475 -0.159261  -0.108369  -0.981271 0.46195
0 0 0 1 0 0 0 1
0.992846  0.0632719  -0.101261 -0.0537783 0.993668  0.0436998  -0.103514 -0.038219
0.064634  -0.997857  0.0102248 -0.11901 0.038554  -0.997944  -0.0512016 -0.0107536
-0.100397  -0.0166965  -0.994807 0.735798 -0.105539  0.0468865  -0.993309 0.46164
0 0 0 1 0 0 0 1
0.978496  -0.205493  -0.0178168 -0.11162 0.992361  0.102686  -0.0683806 -0.050931
-0.195302  -0.950814  0.240435 0.0995305 0.118452  -0.947987  0.295448 0.0208265
-0.0663483  -0.231785  -0.970502 0.679626 -0.0344857  -0.301291  -0.952909 0.458595
0 0 0 1 0 0 0 1
0.997478  -0.0657368  -0.0267749 -0.0753271 0.998016  0.0553888  -0.0299412 0.0694197
-0.0623368  -0.991697  0.112474 0.000334396 0.0581611  -0.993142  0.101424 -0.00433331
-0.0339462  -0.110521  -0.993294 0.528491 -0.0241181  -0.102964  -0.994393 0.467429
0 0 0 1 0 0 0 1
0.986006  0.11262  -0.122918 -0.0412913 0.98845  -0.080423  -0.12845 -0.0481325
0.0924876  -0.982982  -0.158723 -0.000834508 -0.100768  -0.981848  -0.160689 -0.0092559
-0.138702  0.145133  -0.979642 0.773313 -0.113195  0.171777  -0.978611 0.461131
0 0 0 1 0 0 0 1
0.961677  -0.256837  -0.0959806 0.0287133 0.985732  0.0615144  -0.156681 0.00188653
-0.225813  -0.940459  0.254058 0.127633 0.109124  -0.942265  0.31659 0.00828757
-0.155517  -0.222648  -0.962415 0.781216 -0.12816  -0.32917  -0.935533 0.461363
0 0 0 1 0 0 0 1
0.973805  0.198311  -0.111251 -0.0110165 0.990386  -0.0333145  -0.134259 -0.0244343
0.177013  -0.968249  -0.176524 -0.135035 -0.0653905  -0.96803  -0.242162 -0.0156509
-0.142725  0.152207  -0.977989 0.767639 -0.121899  0.248613  -0.960902 0.461806
0 0 0 1 0 0 0 1
0.99842  -0.0543281  -0.0143358 -0.152586 0.994785  0.0966731  -0.0325141 -0.075054
-0.0516394  -0.987792  0.146973 -0.0381026 0.0999026  -0.987778  0.119645 0.0123878
-0.0221456  -0.146  -0.989037 0.648016 -0.0205502  -0.122269  -0.992284 0.466248
0 0 0 1 0 0 0 1
0.986977  0.159009  -0.0243495 -0.101412 0.99312  -0.104326  -0.0531772 -0.00288926
0.149422  -0.962287  -0.227327 -0.0695743 -0.114286  -0.962473  -0.246137 -0.0277701
-0.059578  0.220728  -0.973514 0.611642 -0.0255031  0.250521  -0.967775 0.463506
0 0 0 1 0 0 0 1
0.980681  0.0422718  -0.190992 0.0140282 0.97948  -0.0807536  -0.184655 -0.0862614
0.0187226  -0.992173  -0.123461 0.0884222 -0.0969689  -0.992024  -0.0805263 0.00781298
-0.194716  0.1175  -0.973796 0.89435 -0.176679  0.0967797  -0.979499 0.462243
0 0 0 1 0 0 0 1
0.946296  0.315778  -0.0693443 -0.0286246 0.982552  -0.120122  -0.141991 -0.0343328
0.271968  -0.893488  -0.357369 -0.146953 -0.168676  -0.897165  -0.40822 -0.0377957
-0.174807  0.319318  -0.931385 0.768684 -0.0783528  0.425048  -0.901773 0.453442
0 0 0 1 0 0 0 1
0.976549  -0.0578472  -0.207376 0.035506 0.979126  0.0298394  -0.201052 -0.091266
-0.047559  -0.997393  0.0542625 -0.00175538 0.0460566  -0.996007  0.0764725 -0.000478594
-0.209974  -0.0431274  -0.976755 0.928118 -0.197968  -0.084136  -0.976591 0.46234
0 0 0 1 0 0 0 1
0.998078  0.0602427  -0.0145556 -0.156697 0.995743  -0.0869918  -0.0304541 -0.0890196
0.0574577  -0.987461  -0.147034 0.0301551 -0.089862  -0.989754  -0.110956 -0.00155865
-0.0232308  0.145915  -0.989024 0.656413 -0.0204898  0.11322  -0.993359 0.472746
0 0 0 1 0 0 0 1
0.993131  -0.0809676  -0.0844655 -0.0044626 0.995999  0.00667042  -0.0891151 0.0613719
-0.0760596  -0.995309  0.0597947 0.0808622 0.0157357  -0.99472  0.101414 0.0156013
-0.0889107  -0.0529595  -0.994631 0.640686 -0.0879681  -0.102411  -0.990845 0.47719
0 0 0 1 0 0 0 1
0.97535  -0.220346  -0.0118386 -0.070303 0.987071  0.141009  -0.0762064 0.0232968
-0.206313  -0.929636  0.305305 0.0752914 0.158539  -0.928884  0.334722 0.0285388
-0.0782784  -0.295337  -0.952181 0.615313 -0.0235881  -0.342476  -0.93923 0.465675
0 0 0 1 0 0 0 1
0.985842  0.0114814  -0.167285 0.0258955 0.98268  0.0723909  -0.170587 -0.035157
0.0248233  -0.996653  0.0778842 -0.132313 0.076185  -0.996969  0.0157921 -0.0230511
-0.16583  -0.0809341  -0.982828 0.826114 -0.168927  -0.0285148  -0.985216 0.471438
0 0 0 1 0 0 0 1
0.95368  -0.259043  -0.152942 0.0131718 0.981318  0.0590048  -0.183119 -0.0815395
-0.217354  -0.944847  0.244993 0.126812 0.116329  -0.940085  0.320481 0.0207136
-0.207971  -0.200402  -0.957386 0.886585 -0.153237  -0.335796  -0.929387 0.459485
0 0 0 1 0 0 0 1
0.947631  -0.319366  0.00130692 -0.102747 0.976592  0.181618  -0.11525 -0.0597473
-0.292396  -0.865944  0.405765 0.128153 0.214508  -0.862024  0.459239 0.0451667
-0.128456  -0.384898  -0.913976 0.711621 -0.0159424  -0.473212  -0.880804 0.449835
0 0 0 1 0 0 0 1
0.961449  -0.270638  -0.0486892 -0.0686201 0.987662  0.10122  -0.119489 -0.078882
-0.245702  -0.925006  0.289819 0.135763 0.137895  -0.923767  0.357267 0.0230545
-0.123474  -0.266683  -0.955842 0.780994 -0.0742175  -0.369336  -0.926328 0.462222
0 0 0 1 0 0 0 1
0.972847  0.228188  -0.0387196 -0.0904066 0.989468  -0.112346  -0.0912724 -0.0626623
0.209412  -0.939056  -0.272619 -0.104001 -0.136123  -0.936628  -0.322798 -0.023047
-0.0985682  0.257108  -0.961343 0.723446 -0.0492232  0.331823  -0.942057 0.466517
0 0 0 1 0 0 0 1
0.998963  0.0367263  -0.0269 -0.0800164 0.997759  -0.0583922  -0.0326581 0.0512597
0.034033  -0.99494  -0.0945264 0.0355725 -0.0605838  -0.995655  -0.0707204 0.01132
-0.0302355  0.0935129  -0.995159 0.54464 -0.0283866  0.0725405  -0.996961 0.47796
0 0 0 1 0 0 0 1
0.997689  0.0221313  -0.0642347 -0.105157 0.994028  -0.0693022  -0.0842919 -0.101022
0.0160138  -0.995421  -0.0942344 0.0604753 -0.07454  -0.995371  -0.0606637 -0.00282282
-0.0660262  0.092988  -0.993476 0.756818 -0.0796976  0.0665845  -0.994593 0.474358
0 0 0 1 0 0 0 1
0.984552  -0.168063  -0.0491129 -0.10298 0.996027  0.0537295  -0.0710235 -0.0742685
-0.155995  -0.969339  0.189859 0.0935825 0.0683496  -0.97245  0.222867 -0.00239551
-0.0795153  -0.179265  -0.980582 0.714056 -0.0570922  -0.226836  -0.972258 0.474638
0 0 0 1 0 0 0 1
0.999882  0.00342663  -0.0149918 -0.147406 0.99859  0.0529964  0.00301657 -0.0535981
0.00446878  -0.997534  0.0700431 -0.0622594 0.0529121  -0.998328  0.0232853 -0.00530892
-0.0147148  -0.0701018  -0.997431 0.607169 0.00424556  -0.0230928  -0.999724 0.480294
0 0 0 1 0 0 0 1
0.983785  0.0809968  -0.160021 -0.00577586 0.986165  0.0079651  -0.165573 -0.100401
0.0747766  -0.996206  -0.0445274 -0.0831702 -0.00816944  -0.995296  -0.0965379 -0.0123751
-0.16302  0.0318396  -0.986109 0.88947 -0.165563  0.0965549  -0.981461 0.469979
0 0 0 1 0 0 0 1
0.997049  -0.0742027  -0.019664 -0.100055 0.994133  0.104334  -0.0285278 0.0161854
-0.070238  -0.985204  0.156331 -0.0231681 0.107396  -0.983501  0.145572 0.0174544
-0.0309732  -0.154488  -0.987509 0.566353 -0.012869  -0.147782  -0.988936 0.478925
0 0 0 1 0 0 0 1
0.981081  0.165803  -0.0999482 0.0146518 0.976273  -0.1529  -0.153337 0.0154654
0.130222  -0.94719  -0.29304 0.0506151 -0.187996  -0.94988  -0.249771 -0.0158224
-0.143257  0.27448  -0.950862 0.740511 -0.107462  0.272671  -0.956087 0.477566
0 0 0 1 0 0 0 1
0.978603  0.205511  -0.0100827 -0.0749941 0.98586  -0.15383  -0.0664592 0.0239238
0.193133  -0.934356  -0.299463 -0.0587926 -0.167126  -0.93152  -0.323016 -0.0321176
-0.0709638  0.291108  -0.954054 0.601314 -0.0122186  0.329556  -0.944057 0.472949
0 0 0 1 0 0 0 1
0.996802  0.0771595  -0.0207655 -0.112983 0.993114  -0.11383  -0.0277073 -0.0187636
0.0718125  -0.979031  -0.190635 0.042393 -0.116714  -0.981791  -0.149878 -0.00823357
-0.0350394  0.188534  -0.981441 0.602036 -0.0101421  0.15208  -0.988316 0.480958
0 0 0 1 0 0 0 1
0.996665  -0.0123194  -0.0806728 -0.0368556 0.996424  -0.0396154  -0.0746343 0.0268874
-0.0154466  -0.999149  -0.0382554 0.0638028 -0.0394609  -0.999215  0.00354338 0.00113009
-0.0801329  0.0393739  -0.996006 0.642886 -0.074716  -0.000585574  -0.997205 0.483867
0 0 0 1 0 0 0 1
0.997598  -0.0397176  -0.0567548 -0.109639 0.997  -0.0323699  -0.0703104 -0.100201
-0.0400068  -0.999192  -0.00396896 0.07057 -0.029886  -0.998901  0.0360966 -0.00969227
-0.0565513  0.00623001  -0.99838 0.740688 -0.0714016  -0.033887  -0.996872 0.478771
0 0 0 1 0 0 0 1
0.993469  0.110691  -0.0276916 -0.135149 0.983041  -0.171172  -0.06581 -0.0832715
0.0991936  -0.957785  -0.269831 0.0635155 -0.181621  -0.958412  -0.220138 -0.0205813
-0.0563904  0.265322  -0.962509 0.675887 -0.0253915  0.228357  -0.973246 0.477001
0 0 0 1 0 0 0 1
0.999998  0.0021495  -0.000500275 -0.0970804 0.999974  -0.00131745  0.0070481 0.0486499
0.00214535  -0.999964  -0.00816232 -0.0257254 -0.00137408  -0.999967  0.00803578 -0.0255085
-0.000517802  0.00816122  -0.999967 0.512703 0.00703728  -0.00804526  -0.999943 0.48423
0 0 0 1 0 0 0 1
0.966182  0.0968613  -0.238976 0.212133 0.964087  0.0216765  -0.264701 0.0576098
0.0866653  -0.994835  -0.0528361 -0.0882498 -0.004409  -0.99522  -0.0975572 -0.000807269
-0.24286  0.0303384  -0.969587 0.89183 -0.265551  0.0952207  -0.959383 0.48942
0 0 0 1 0 0 0 1
0.996205  -0.084947  -0.0189405 -0.159318 0.999713  0.0203162  -0.0127206 -0.0944664
-0.0837483  -0.994856  0.0569935 0.0803621 0.0215201  -0.994446  0.103029 0.0194673
-0.0236845  -0.055191  -0.998195 0.65609 -0.0105568  -0.103273  -0.994597 0.482959
0 0 0 1 0 0 0 1
0.980456  -0.142209  -0.135949 0.0537475 0.989218  0.0101646  -0.146098 0.0264274
-0.126842  -0.985148  0.115735 0.0940018 0.0343243  -0.985894  0.163815 -0.0058323
-0.150388  -0.0962296  -0.983933 0.763155 -0.142372  -0.167063  -0.975613 0.487845
0 0 0 1 0 0 0 1
0.947786  -0.308421  -0.0811023 0.00858959 0.966737  0.172575  -0.18878 -0.0216404
-0.249227  -0.875014  0.415013 0.048456 0.239169  -0.871527  0.428065 0.0336506
-0.198964  -0.373131  -0.906194 0.797735 -0.0906535  -0.458976  -0.883811 0.465978
0 0 0 1 0 0 0 1
0.936393  -0.323251  -0.136663 0.0721064 0.976378  0.062368  -0.206872 -0.0534034
-0.266598  -0.908422  0.322017 0.147202 0.142583  -0.905355  0.400003 0.0158585
-0.22824  -0.2651  -0.936818 0.9017 -0.162345  -0.420051  -0.892861 0.46778
0 0 0 1 0 0 0 1
0.985541  0.133799  -0.103957 -0.0504441 0.993924  -0.000497875  -0.110067 -0.0861963
0.125196  -0.988458  -0.0853079 -0.146783 -0.0169877  -0.988702  -0.14893 -0.0275365
-0.114171  0.0710594  -0.990917 0.80273 -0.108749  0.149895  -0.982703 0.478216
0 0 0 1 0 0 0 1
0.990415  0.0492729  -0.129033 0.0202677 0.988977  0.0706254  -0.130144 0.00436677
0.0542811  -0.997891  0.0355868 -0.125746 0.067143  -0.997263  -0.0309602 0.00521176
-0.127007  -0.0422498  -0.991002 0.74845 -0.131974  0.0218806  -0.991012 0.487614
0 0 0 1 0 0 0 1
0.996284  -0.0860485  -0.00377517 -0.124854 0.99899  0.043657  -0.0106506 -0.0331606
-0.0852665  -0.991528  0.0979859 0.028901 0.0446714  -0.990531  0.12982 -0.0137712
-0.0121747  -0.0972998  -0.995181 0.603752 -0.00488221  -0.130165  -0.99148 0.487567
0 0 0 1 0 0 0 1
0.952941  -0.154729  -0.260695 0.222038 0.954861  0.0751025  -0.287401 0.0445959
-0.098931  -0.971584  0.215027 -0.0512035 0.134207  -0.972208  0.191835 -0.00947945
-0.286558  -0.179117  -0.94117 0.921077 -0.265006  -0.221747  -0.938403 0.490848
0 0 0 1 0 0 0 1
0.997567  0.0692031  -0.00847581 -0.126056 0.998758  -0.0476924  -0.0144025 -0.0340137
0.0680801  -0.993089  -0.0956045 -0.0502579 -0.0490441  -0.992041  -0.115974 -0.0324683
-0.0150334  0.0947949  -0.995383 0.603015 -0.00875681  0.116536  -0.993148 0.485413
0 0 0 1 0 0 0 1
0.966039  0.126784  -0.225156 0.128914 0.968371  -0.068439  -0.239944 0.00269938
0.0925422  -0.983311  -0.156639 0.0216584 -0.112236  -0.978344  -0.173913 -0.000601826
-0.241258  0.130483  -0.961649 0.885299 -0.222846  0.195342  -0.955082 0.485988
0 0 0 1 0 0 0 1
0.991032  -0.0259576  -0.131083 -0.0367614 0.986511  0.103642  -0.126706 -0.0757306
-0.00682913  -0.989508  0.144316 -0.121903 0.112647  -0.991435  0.0660827 -0.00815884
-0.133454  -0.142126  -0.980811 0.801302 -0.118772  -0.0794644  -0.989737 0.48412
0 0 0 1 0 0 0 1
0.91061  -0.411389  -0.0393529 0.0165807 0.965032  0.16503  -0.203661 -0.0286336
-0.342719  -0.804943  0.484367 0.141088 0.251223  -0.804075  0.538841 0.0460992
-0.23094  -0.427582  -0.87398 0.817518 -0.074834  -0.571163  -0.817418 0.453626
0 0 0 1 0 0 0 1
0.963665  0.266872  0.0113645 -0.0977887 0.979241  -0.186107  -0.0803177 -0.0267479
0.250073  -0.886415  -0.389528 -0.0981304 -0.202661  -0.891325  -0.405548 -0.0457098
-0.0938806  0.378217  -0.920944 0.646664 0.00388602  0.413406  -0.910538 0.471125
0 0 0 1 0 0 0 1
0.99943  0.0317734  -0.0114313 -0.166765 0.999565  -0.0294448  -0.0018838 -0.106346
0.0310514  -0.997799  -0.0585955 0.020152 -0.0295035  -0.998109  -0.0539248 0.0230908
-0.0132679  0.0582071  -0.998216 0.653804 -0.000292428  0.0539569  -0.998543 0.490965
0 0 0 1 0 0 0 1
0.989457  -0.0841617  -0.117859 -0.0194395 0.994323  -0.00362783  -0.106339 -0.0375099
-0.0782273  -0.995466  0.0541107 0.105511 0.00781448  -0.99423  0.106988 0.0295586
-0.121879  -0.0443204  -0.991555 0.764449 -0.106114  -0.107212  -0.988557 0.486368
0 0 0 1 0 0 0 1
0.979309  -0.202372  -0.00029756 -0.137309 0.980551  0.182606  -0.071936 -0.0958682
-0.190242  -0.921107  0.339662 0.0189939 0.196171  -0.923224  0.330416 0.0299109
-0.0690122  -0.332577  -0.940548 0.695388 -0.00607703  -0.338101  -0.94109 0.479642
0 0 0 1 0 0 0 1
0.935061  0.354484  -0.00176943 -0.0616159 0.976797  -0.165857  -0.135494 -0.0698208
0.320461  -0.84743  -0.423282 -0.157829 -0.21141  -0.847895  -0.486189 -0.0448707
-0.151546  0.395227  -0.905996 0.776281 -0.0342469  0.503553  -0.863285 0.462987
0 0 0 1 0 0 0 1
0.990781  0.102951  -0.088052 -0.0730759 0.988682  -0.108184  -0.103944 -0.0964698
0.0847206  -0.97807  -0.190268 0.0429305 -0.124664  -0.977872  -0.168006 -0.00332226
-0.105709  0.181054  -0.977775 0.782223 -0.0834681  0.179062  -0.980291 0.488228
0 0 0 1 0 0 0 1
0.989885  0.0662965  -0.125432 0.0523431 0.990431  -0.0561995  -0.126047 0.0776423
0.0525549  -0.992557  -0.109859 0.00512375 -0.0702748  -0.991427  -0.110155 -0.016806
-0.131782  0.102155  -0.986001 0.681048 -0.118776  0.117959  -0.985889 0.496261
0 0 0 1 0 0 0 1
0.984648  -0.00684773  -0.174419 0.0969935 0.98371  -0.029463  -0.17733 0.0350994
-0.0104427  -0.999751  -0.0197016 0.0639259 -0.0315524  -0.999462  -0.00897364 0.0196798
-0.17424  0.0212205  -0.984474 0.798255 -0.176971  0.0144227  -0.98411 0.497011
0 0 0 1 0 0 0 1
0.947536  0.150553  -0.281975 0.239562 0.959355  -0.0291929  -0.280689 0.0573868
0.11353  -0.983129  -0.143415 -0.0206778 -0.0801793  -0.981842  -0.171925 0.0132264
-0.29881  0.103879  -0.948642 0.9194 -0.270574  0.187443  -0.944275 0.498918
0 0 0 1 0 0 0 1
0.992521  0.0911044  -0.081255 -0.0275497 0.994814  -0.0542229  -0.0860541 -0.00253394
0.0819964  -0.990638  -0.109143 -0.00777673 -0.0650674  -0.989549  -0.128683 0.0107021
-0.0904377  0.101664  -0.990699 0.696755 -0.0781772  0.133615  -0.987945 0.494782
0 0 0 1 0 0 0 1
0.975925  0.191989  -0.103496 -0.0317188 0.988609  -0.0828812  -0.125627 -0.0647055
0.163285  -0.957716  -0.236893 -0.0510933 -0.112343  -0.961833  -0.249511 0.00162338
-0.144601  0.214291  -0.966007 0.790826 -0.100152  0.260783  -0.960189 0.488496
0 0 0 1 0 0 0 1
0.889635  -0.455082  0.038064 -0.0346653 0.952967  0.224755  -0.203322 -0.0429872
-0.390058  -0.713875  0.581582 0.151778 0.30302  -0.719388  0.625028 0.0602017
-0.237495  -0.532243  -0.812597 0.781302 -0.00578948  -0.657242  -0.753658 0.438143
0 0 0 1 0 0 0 1
0.992191  -0.123895  -0.0144205 -0.0510234 0.996079  0.0818739  -0.0335028 0.0645241
-0.119965  -0.979533  0.161625 0.0348564 0.0866256  -0.979526  0.181728 -0.000296538
-0.0341498  -0.158633  -0.986747 0.552333 -0.017938  -0.183918  -0.982778 0.495818
0 0 0 1 0 0 0 1
0.984604  -0.0174076  -0.173929 -0.00460391 0.985034  -0.0718521  -0.156668 -0.102853
-0.0288294  -0.997574  -0.0633599 0.101205 -0.0752754  -0.997034  -0.0160198 -0.00551893
-0.172404  0.0673987  -0.982718 0.881114 -0.155052  0.0275733  -0.987521 0.487436
0 0 0 1 0 0 0 1
0.991691  -0.0796946  -0.10098 -0.0802885 0.985507  0.132059  -0.106474 -0.110081
-0.0566489  -0.97532  0.213404 -0.07873 0.147278  -0.97754  0.150747 0.0132251
-0.115495  -0.20591  -0.971731 0.787774 -0.0841753  -0.164243  -0.982822 0.487518
0 0 0 1 0 0 0 1
0.962844  -0.219207  -0.157733 0.0500701 0.984816  0.012467  -0.173151 -0.0300273
-0.192087  -0.966445  0.17055 0.137232 0.0566051  -0.965966  0.252398 0.000624537
-0.189826  -0.133914  -0.972642 0.837728 -0.164112  -0.258367  -0.952005 0.488754
0 0 0 1 0 0 0 1
0.995451  -0.094671  -0.0107162 -0.0761911 0.999708  0.0212027  -0.0115615 0.0258452
-0.0937006  -0.99315  0.0698137 0.0442187 0.0223251  -0.99394  0.107628 -0.0260904
-0.0172521  -0.068492  -0.997502 0.57546 -0.00920942  -0.107855  -0.994124 0.498588
0 0 0 1 0 0 0 1
0.965896  -0.258593  0.0132493 -0.0724601 0.978438  0.188004  -0.0855226 0.00933709
-0.244463  -0.893861  0.375833 0.0735498 0.206542  -0.890116  0.406245 0.0352822
-0.0853445  -0.366254  -0.926593 0.619873 0.000250516  -0.415149  -0.909753 0.481435
0 0 0 1 0 0 0 1
0.994724  -0.0501395  -0.0895047 0.0295233 0.99569  0.0213849  -0.0902416 0.0847972
-0.044112  -0.996703  0.0680957 -0.0150125 0.0286421  -0.996391  0.0799075 -0.0302311
-0.0926239  -0.0637882  -0.993656 0.635588 -0.088207  -0.0821478  -0.992709 0.501476
0 0 0 1 0 0 0 1
0.988844  -0.13022  -0.0723218 -0.00116028 0.985148  0.136679  -0.103939 0.0484285
-0.108587  -0.962546  0.248424 -0.0425311 0.156807  -0.962766  0.220212 0.00184945
-0.101963  -0.237799  -0.965948 0.653248 -0.0699704  -0.23324  -0.969899 0.496633
0 0 0 1 0 0 0 1
0.992496  0.116013  -0.0386307 -0.112253 0.998795  -0.00807499  -0.0484008 -0.10373
0.112929  -0.990828  -0.0742087 -0.0814068 -0.0149905  -0.989425  -0.144271 0.0231149
-0.0468855  0.0692894  -0.996494 0.731153 -0.0467239  0.144823  -0.988354 0.49416
0 0 0 1 0 0 0 1
0.999103  0.0134697  -0.0401413 -0.126181 0.997369  0.0618004  -0.0378976 -0.104988
0.0165796  -0.996802  0.0781773 -0.0652079 0.0623414  -0.997967  0.0132647 0.0180863
-0.0389599  -0.0787727  -0.996131 0.710422 -0.0370008  -0.0155924  -0.999194 0.495979
0 0 0 1 0 0 0 1
0.996623  -0.0229388  -0.0788445 0.027299 0.996475  -0.0366722  -0.0754519 0.0977963
-0.0246163  -0.999489  -0.0203704 0.0563171 -0.0362348  -0.999318  0.00715732 -0.0107942
-0.0783369  0.0222424  -0.996679 0.611036 -0.0756629  -0.00439811  -0.997124 0.501593
0 0 0 1 0 0 0 1
0.936409  -0.345489  -0.0614513 0.0180194 0.982498  0.0936834  -0.161 -0.0431804
-0.302798  -0.884035  0.356083 0.166471 0.155402  -0.888791  0.431163 0.0115328
-0.177348  -0.314832  -0.932432 0.817114 -0.102702  -0.448636  -0.887794 0.481238
0 0 0 1 0 0 0 1
0.994537  0.0765229  -0.0709988 0.0130568 0.997585  -0.00146695  -0.0694439 0.0976427
0.0739888  -0.996548  -0.0376639 -0.0420621 -0.00786846  -0.995728  -0.0919991 0.0273811
-0.0736359  0.032205  -0.996765 0.587757 -0.0690123  0.0923233  -0.993335 0.504061
0 0 0 1 0 0 0 1
0.979969  -0.0380826  -0.195477 0.17031 0.978051  0.0110468  -0.208073 0.0731309
-0.0325692  -0.998978  0.0313433 0.0203201 0.0207866  -0.998785  0.0446814 0.00691812
-0.19647  -0.0243489  -0.980207 0.822785 -0.207327  -0.0480258  -0.977092 0.506689
0 0 0 1 0 0 0 1
0.99945  0.0331732  5.00352e-05 -0.0573986 0.999322  -0.036717  -0.00253237 0.10409
0.0331129  -0.997542  -0.0617604 -0.00531206 -0.0368036  -0.997328  -0.0630987 -0.00645794
-0.00199888  0.0617281  -0.998091 0.46905 -0.000208813  0.0631492  -0.998004 0.500923
0 0 0 1 0 0 0 1
0.995346  0.0677666  -0.0685094 -0.0253493 0.996458  0.0226535  -0.080987 0.00397732
0.067909  -0.997691  -0.000251523 -0.0676765 0.0173577  -0.997701  -0.0655063 0.0207289
-0.0683683  -0.00440205  -0.99765 0.683993 -0.0822847  0.0638685  -0.99456 0.501486
0 0 0 1 0 0 0 1
0.999806  -0.0173201  0.00943276 -0.122972 0.999416  -0.0341604  -0.000756169 -0.0150762
-0.016924  -0.999034  -0.0405636 0.0387897 -0.0341536  -0.999387  0.007711 -0.014914
0.0101262  0.0403961  -0.999132 0.558998 -0.00101912  -0.00768067  -0.99997 0.501475
0 0 0 1 0 0 0 1
0.996074  -0.000443562  -0.0885202 -0.0665067 0.997282  -0.0360194  -0.0642768 -0.0493419
-0.00251131  -0.999727  -0.0232491 0.00921436 -0.0370214  -0.99921  -0.0144669 -0.0267471
-0.0884857  0.0233801  -0.995803 0.712341 -0.0637049  0.0168072  -0.997827 0.499028
0 0 0 1 0 0 0 1
0.928776  0.368293  0.0416589 -0.105179 0.950377  -0.269466  -0.155476 -0.0554886
0.329843  -0.770037  -0.54612 -0.08163 -0.309455  -0.767477  -0.561442 -0.0608111
-0.169053  0.520964  -0.836671 0.69983 0.0319655  0.581694  -0.812779 0.455641
0 0 0 1 0 0 0 1
0.993121  -0.116205  -0.0144136 -0.139003 0.989555  0.141445  -0.0278198 -0.0851099
-0.109168  -0.963362  0.244982 -0.0150198 0.144133  -0.967439  0.208055 0.0189479
-0.0423538  -0.241723  -0.96942 0.661339 0.00251441  -0.209892  -0.977721 0.496191
0 0 0 1 0 0 0 1
0.993222  0.112633  -0.0287024 -0.0287241 0.995916  -0.0724028  -0.053933 0.075249
0.10669  -0.981434  -0.159387 -0.0236229 -0.0806615  -0.98191  -0.171306 0.00630284
-0.0461218  0.155244  -0.986799 0.563738 -0.0405544  0.174957  -0.983741 0.502471
0 0 0 1 0 0 0 1
0.987375  0.101785  -0.121371 -0.00268699 0.984061  -0.124864  -0.126619 -0.0198808
0.073529  -0.973183  -0.217965 0.0797085 -0.145515  -0.974685  -0.169746 0.00709015
-0.140302  0.206289  -0.96838 0.751903 -0.102218  0.185465  -0.97732 0.49872
0 0 0 1 0 0 0 1
0.99001  -0.0875574  -0.110518 -0.0105874 0.98331  0.126403  -0.130855 -0.0374232
-0.062162  -0.974576  0.215262 -0.0737283 0.145797  -0.977698  0.151161 0.0149844
-0.126556  -0.206242  -0.970282 0.769313 -0.108829  -0.167716  -0.97981 0.496026
0 0 0 1 0 0 0 1
0.992226  -0.0928157  -0.0829014 -0.0478222 0.994082  0.0640882  -0.0877081 -0.0506798
-0.0816283  -0.988224  0.12942 -0.0101953 0.0760945  -0.98705  0.141218 -0.0143856
-0.0939373  -0.121646  -0.988118 0.741796 -0.0775218  -0.147057  -0.986086 0.500434
0 0 0 1 0 0 0 1
0.999279  -0.0317489  -0.0208219 -0.0328245 0.999865  -0.00541653  -0.0155172 0.111851
-0.0314588  -0.999405  0.0141134 0.0153408 -0.00487045  -0.999375  0.0350154 -0.0185806
-0.0212576  -0.0134482  -0.999684 0.49658 -0.0156972  -0.0349351  -0.999266 0.503898
0 0 0 1 0 0 0 1
0.944045  -0.329511  0.014202 -0.0455682 0.972412  0.200333  -0.119508 0.00963897
-0.30202  -0.846378  0.438665 0.108031 0.23318  -0.8491  0.473979 0.0318367
-0.132525  -0.418409  -0.898538 0.657461 -0.00651986  -0.48877  -0.872388 0.48091
0 0 0 1 0 0 0 1
0.990612  0.133204  -0.030745 -0.0857552 0.987466  -0.141894  -0.0691152 -0.0327618
0.121881  -0.962421  -0.242676 0.0305227 -0.154165  -0.960971  -0.229712 -0.00604213
-0.061915  0.23665  -0.96962 0.655893 -0.0338228  0.237488  -0.970801 0.498244
0 0 0 1 0 0 0 1
0.993658  -0.0663459  -0.0907847 0.0419546 0.989357  0.0904676  -0.113969 0.0760392
-0.0513077  -0.98595  0.158964 -0.0360747 0.104418  -0.98689  0.123065 0.0181397
-0.100056  -0.153298  -0.983102 0.663968 -0.101341  -0.133656  -0.985833 0.504766
0 0 0 1 0 0 0 1
0.991412  0.0564368  -0.117974 0.0424355 0.991988  0.0226935  -0.124278 0.0504165
0.055966  -0.998406  -0.00730259 -0.109419 0.0167863  -0.998688  -0.0483745 -0.0375816
-0.118198  0.000637354  -0.99299 0.702565 -0.125213  0.0459008  -0.991068 0.504645
0 0 0 1 0 0 0 1
0.98003  -0.138435  -0.142747 0.0910188 0.989641  0.010864  -0.143153 0.0723276
-0.122869  -0.986007  0.112664 0.113282 0.0347889  -0.985561  0.165706 0.0200752
-0.156347  -0.0928747  -0.983326 0.731227 -0.139286  -0.16897  -0.97573 0.503573
0 0 0 1 0 0 0 1
0.990399  -0.123992  -0.061119 -0.0963385 0.977422  0.184857  -0.102343 -0.110709
-0.101191  -0.951494  0.29055 -0.0922021 0.203831  -0.952516  0.2262 0.0145258
-0.0941801  -0.281576  -0.954906 0.766308 -0.0556692  -0.241953  -0.96869 0.493179
0 0 0 1 0 0 0 1
0.982966  0.17805  -0.0455642 -0.0166331 0.993919  -0.0753571  -0.0802878 0.0442486
0.166189  -0.966958  -0.193323 -0.0752004 -0.0925168  -0.966902  -0.237786 0.00109378
-0.0784797  0.182457  -0.980077 0.631308 -0.0597115  0.243768  -0.967994 0.501235
0 0 0 1 0 0 0 1
0.982592  -0.177869  -0.0536307 -0.0223418 0.995842  0.0545777  -0.0729404 0.00552485
-0.166972  -0.972089  0.16481 0.0809096 0.0704523  -0.968996  0.23682 -0.0157555
-0.0814485  -0.152986  -0.984866 0.687753 -0.0577538  -0.240974  -0.968812 0.503342
0 0 0 1 0 0 0 1
0.960285  -0.263679  -0.0912505 0.0527742 0.977513  0.127496  -0.16797 0.0289546
-0.218189  -0.913474  0.343452 0.0811178 0.181329  -0.914819  0.36087 0.0419913
-0.173916  -0.309902  -0.934727 0.756637 -0.107653  -0.383213  -0.917365 0.490774
0 0 0 1 0 0 0 1
0.989832  0.0676016  -0.125153 -0.0324072 0.991473  0.0508158  -0.119999 -0.0854414
0.0684107  -0.997655  0.00217406 -0.152157 0.0446645  -0.997573  -0.0534076 -0.0291452
-0.124713  -0.0107138  -0.992135 0.808832 -0.122421  0.0475925  -0.991336 0.497123
0 0 0 1 0 0 0 1
0.998629  0.0205695  -0.0481384 -0.0678917 0.998666  0.0399518  -0.0327083 -0.00316613
0.0218944  -0.999391  0.0271608 -0.0742006 0.0400756  -0.999192  0.00313667 -0.0121267
-0.0475505  -0.0281775  -0.998471 0.628214 -0.0325566  -0.00444329  -0.99946 0.504474
0 0 0 1 0 0 0 1
0.901201  0.432816  -0.0225279 0.0134479 0.955726  -0.194159  -0.221111 -0.0420534
0.358202  -0.773087  -0.523476 -0.129877 -0.288593  -0.765209  -0.575473 -0.0581004
-0.243985  0.463688  -0.851742 0.84048 -0.0574627  0.613805  -0.787363 0.4544
0 0 0 1 0 0 0 1
0.996653  -0.0481467  -0.0660654 -0.0493325 0.99451  -0.048711  -0.0926074 -0.0841516
-0.0498846  -0.998444  -0.0249125 0.141601 -0.0458939  -0.998424  0.0323109 0.0360854
-0.0647631  0.0281248  -0.997504 0.782564 -0.0940353  -0.0278835  -0.995178 0.501744
0 0 0 1 0 0 0 1
0.991567  0.0465938  -0.120932 0.0237423 0.989794  -0.0313669  -0.139012 -0.0177487
0.0370049  -0.996079  -0.0803614 -0.023847 -0.0410078  -0.996907  -0.0670398 -0.0266001
-0.124202  0.0752086  -0.989403 0.786101 -0.13648  0.0720562  -0.988019 0.501723
0 0 0 1 0 0 0 1
0.986927  -0.160969  0.0079982 -0.0585789 0.98742  0.152966  -0.0400439 0.0582344
-0.157  -0.94901  0.273369 0.00915628 0.158098  -0.950831  0.266318 0.0117052
-0.0364135  -0.271051  -0.961876 0.541781 0.00266256  -0.269298  -0.963053 0.502627
0 0 0 1 0 0 0 1
0.973138  0.166713  -0.158775 0.0545183 0.986911  0.0161515  -0.160457 -0.040326
0.149117  -0.981871  -0.117015 -0.13172 -0.0120108  -0.984847  -0.173008 0.0139542
-0.175405  0.0901955  -0.980356 0.846974 -0.16082  0.172671  -0.971762 0.502392
0 0 0 1 0 0 0 1
0.931423  -0.362901  0.0274507 -0.0900342 0.96872  0.21146  -0.129869 -0.0702213
-0.33214  -0.816789  0.471739 0.136785 0.24808  -0.812348  0.527776 0.0511014
-0.148773  -0.448507  -0.881311 0.734167 0.00610437  -0.543485  -0.839397 0.468016
0 0 0 1 0 0 0 1
0.980593  -0.193547  -0.0312547 -0.0956255 0.990735  0.114473  -0.0730703 -0.0991027
-0.180149  -0.952417  0.245861 0.0681507 0.130634  -0.950376  0.282348 0.020504
-0.0773532  -0.23546  -0.968801 0.751142 -0.037123  -0.289278  -0.956525 0.496773
0 0 0 1 0 0 0 1
0.991914  -0.0460288  -0.118268 0.0100201 0.994087  0.0139185  -0.107695 -0.00482271
-0.0399766  -0.997791  0.0530473 -0.00515166 0.0211317  -0.997587  0.0661299 -0.0278259
-0.120448  -0.0478904  -0.991564 0.743996 -0.106515  -0.0680146  -0.991982 0.508467
0 0 0 1 0 0 0 1
0.961913  0.260072  -0.0841804 0.0383672 0.982618  -0.111209  -0.148645 0.0115842
0.221937  -0.922802  -0.314929 -0.110998 -0.157248  -0.924191  -0.348056 -0.0414518
-0.159586  0.284252  -0.945375 0.761766 -0.0986699  0.36538  -0.925614 0.494765
0 0 0 1 0 0 0 1
0.993802  0.0877285  -0.0682737 -0.000975124 0.986806  -0.136896  -0.0864483 0.0456115
0.0701015  -0.971233  -0.227581 0.0674017 -0.149999  -0.97398  -0.169891 -0.0208972
-0.086275  0.221384  -0.971363 0.647643 -0.0609416  0.180617  -0.981664 0.509042
0 0 0 1 0 0 0 1
0.98867  0.0854077  -0.123436 -0.0191158 0.971862  -0.172288  -0.160627 -0.0891693
0.049665  -0.962155  -0.267937 0.148906 -0.199575  -0.964489  -0.173006 -0.00650679
-0.141649  0.258771  -0.955496 0.831033 -0.125116  0.200196  -0.971734 0.498617
0 0 0 1 0 0 0 1
0.969393  0.21656  -0.115672 -0.0187999 0.975536  -0.146407  -0.163997 -0.0923613
0.171548  -0.934499  -0.311902 -0.00576805 -0.191154  -0.93335  -0.303838 -0.0260616
-0.17564  0.282512  -0.943047 0.854277 -0.108583  0.327753  -0.938503 0.491238
0 0 0 1 0 0 0 1
0.969189  -0.241076  -0.0505456 -0.0133568 0.982073  0.139145  -0.127168 -0.0216272
-0.211121  -0.918728  0.333715 0.0565655 0.175639  -0.920398  0.349312 0.0151713
-0.126889  -0.312762  -0.941318 0.743766 -0.0684407  -0.365385  -0.928337 0.498405
0 0 0 1 0 0 0 1
0.976214  0.214706  -0.0301142 -0.00651102 0.965456  -0.218463  -0.142017 0.0125798
0.183714  -0.892944  -0.410975 0.0550376 -0.255521  -0.900519  -0.351817 -0.0262728
-0.115129  0.395667  -0.911149 0.693259 -0.0510298  0.375952  -0.925233 0.499472
0 0 0 1 0 0 0 1
0.993582  -0.0407961  -0.1055 0.0137529 0.993597  -0.0339508  -0.107757 0.0101039
-0.0426835  -0.998965  -0.015694 0.116162 -0.0316354  -0.999232  0.0231248 0.0405394
-0.10475  0.0200964  -0.994296 0.720348 -0.108459  -0.0195678  -0.993908 0.511687
0 0 0 1 0 0 0 1
0.99162  -0.038881  -0.123197 0.0717251 0.991865  0.0453044  -0.118963 0.0986344
-0.028806  -0.996172  0.0825303 0.00563834 0.0523768  -0.996999  0.0570119 0.0281185
-0.125934  -0.0782899  -0.988945 0.661995 -0.116023  -0.062779  -0.991261 0.516997
0 0 0 1 0 0 0 1
0.999171  -0.0362676  0.0185081 -0.154966 0.998651  -0.048852  0.0176198 -0.0895341
-0.0356236  -0.998786  -0.0340162 0.0557934 -0.0490569  -0.998731  0.0113888 -0.0324281
0.0197193  0.0333286  -0.99925 0.620293 0.0170411  -0.0122378  -0.99978 0.511713
0 0 0 1 0 0 0 1
0.996128  0.087579  0.00767332 -0.154882 0.996908  -0.0771641  -0.0148117 -0.111729
0.0878081  -0.986831  -0.135847 -0.0501728 -0.0785178  -0.985399  -0.151079 -0.0395118
-0.00432511  0.135995  -0.9907 0.669032 -0.00293762  0.151774  -0.988411 0.505598
0 0 0 1 0 0 0 1
0.965539  -0.223021  -0.134147 0.0454755 0.96136  0.186761  -0.202254 -0.028869
-0.15697  -0.910166  0.383352 -0.0738132 0.246495  -0.911111  0.330329 0.0180576
-0.207591  -0.349084  -0.913808 0.826547 -0.122584  -0.36742  -0.921941 0.496381
0 0 0 1 0 0 0 1
0.943407  0.33  0.0329141 -0.0615886 0.968045  -0.22416  -0.112437 0.00105701
0.305967  -0.827797  -0.470252 -0.110091 -0.250073  -0.829261  -0.499789 -0.0510458
-0.127937  0.453709  -0.881918 0.648829 0.0187936  0.511936  -0.858818 0.481633
0 0 0 1 0 0 0 1
0.978433  -0.205703  -0.0188276 -0.136295 0.962551  0.253813  -0.0952624 -0.110632
-0.177948  -0.885666  0.428872 -0.0522029 0.270927  -0.888015  0.371521 0.0364243
-0.104895  -0.416272  -0.903169 0.706373 0.00970246  -0.383417  -0.923524 0.491
0 0 0 1 0 0 0 1
0.960048  -0.258955  -0.106066 0.0509333 0.98601  0.0621721  -0.154658 -0.0155964
-0.224738  -0.939331  0.259134 0.160264 0.109167  -0.942023  0.317294 0.039709
-0.166735  -0.224944  -0.96 0.812232 -0.125965  -0.329739  -0.935631 0.498398
0 0 0 1 0 0 0 1
0.975918  -0.143819  -0.164011 0.0463953 0.985848  0.00812267  -0.167444 -0.060966
-0.126674  -0.985754  0.110642 0.0832855 0.0358267  -0.985958  0.163106 -0.012382
-0.177587  -0.087202  -0.980234 0.873028 -0.163768  -0.166797  -0.972296 0.506427
0 0 0 1 0 0 0 1
0.99547  0.0950525  0.00200828 -0.0701691 0.995302  -0.0954299  -0.0163613 0.0480793
0.0941116  -0.982178  -0.162691 -0.0368459 -0.0968215  -0.981675  -0.164134 -0.0426202
-0.0134917  0.162143  -0.986675 0.534305 -0.000398256  0.164946  -0.986302 0.509342
0 0 0 1 0 0 0 1
0.99814  0.016965  -0.0585472 -0.0257275 0.993281  -0.100225  -0.0578672 0.0361786
0.0103824  -0.993771  -0.110957 0.0698625 -0.104809  -0.991063  -0.0825143 -0.0267708
-0.0600649  0.110143  -0.992099 0.618172 -0.0490801  0.0880248  -0.994908 0.512138
0 0 0 1 0 0 0 1
0.976759  -0.16694  -0.134437 0.0371406 0.980194  0.112357  -0.163084 -0.0260581
-0.131854  -0.962475  0.237185 0.00417232 0.149524  -0.959831  0.237417 0.0248653
-0.168988  -0.213947  -0.962117 0.815616 -0.129858  -0.257099  -0.95762 0.504541
0 0 0 1 0 0 0 1
0.999099  0.0424142  -0.00178583 -0.13182 0.999792  0.00453216  -0.0199027 -0.108119
0.0424089  -0.999096  -0.00289919 -0.100332 0.00352621  -0.998728  -0.0502906 -0.0481837
-0.00190718  0.00282084  -0.999994 0.696537 -0.0201053  0.05021  -0.998536 0.511202
0 0 0 1 0 0 0 1
0.991276  -0.131067  0.0138925 -0.0951072 0.99294  0.115865  -0.0254166 -0.0089378
-0.131131  -0.970126  0.204106 0.0343021 0.118611  -0.967055  0.225246 0.0230437
-0.0132741  -0.204147  -0.97885 0.590202 0.00151895  -0.226671  -0.97397 0.509691
0 0 0 1 0 0 0 1
0.986159  0.165517  -0.00967812 -0.137106 0.97234  -0.22054  -0.0769285 -0.119132
0.15187  -0.925189  -0.347794 0.0549908 -0.233524  -0.924569  -0.301063 -0.0352961
-0.0665199  0.34151  -0.937521 0.710791 -0.00472943  0.3107  -0.950496 0.499794
0 0 0 1 0 0 0 1
0.972737  -0.208448  -0.10165 0.0661597 0.988318  0.0601002  -0.140058 0.0595515
-0.183567  -0.959916  0.211811 0.0984665 0.0956297  -0.960093  0.262825 0.0046546
-0.141727  -0.187377  -0.97201 0.712004 -0.118673  -0.273149  -0.954624 0.513226
0 0 0 1 0 0 0 1
0.99892  -0.0455744  0.00905653 -0.0510136 0.996958  0.0779069  0.00218622 0.102324
-0.0463324  -0.991701  0.119926 0.0105426 0.0773747  -0.992734  0.0921532 0.0415175
0.00351583  -0.120216  -0.992742 0.471154 0.0093497  -0.0917037  -0.995742 0.51314
0 0 0 1 0 0 0 1
