0.993289  0.100456  -0.0573137 -0.125669 0.997913  -0.012904  -0.0632688 -0.0415956
0.0959012  -0.992381  -0.0773522 -0.0866032 -0.020688  -0.992071  -0.123965 -0.00775662
-0.0646475  0.0713367  -0.995355 0.663714 -0.0611675  0.125015  -0.990267 0.429811
0 0 0 1 0 0 0 1
0.994117  -0.0742532  -0.0788477 -0.115886 0.995916  0.0360227  -0.082787 -0.0670066
-0.0670981  -0.993696  0.0898153 0.0279219 0.0445649  -0.993603  0.103768 0.00439268
-0.0850197  -0.0839964  -0.992832 0.715981 -0.0785193  -0.107034  -0.99115 0.436788
0 0 0 1 0 0 0 1
0.991045  -0.116958  -0.0644252 -0.0839411 0.996502  0.0378495  -0.0745016 0.00499762
-0.108717  -0.986895  0.119245 0.073835 0.0490038  -0.986839  0.154104 0.0111753
-0.0775276  -0.111173  -0.990772 0.643088 -0.0676883  -0.157216  -0.985242 0.440235
0 0 0 1 0 0 0 1
0.997215  -0.038525  -0.0638655 -0.124906 0.997617  -0.0285083  -0.0628221 -0.0542002
-0.0389538  -0.999226  -0.00548284 0.0811602 -0.0266285  -0.999178  0.0305594 0.010839
-0.0636049  0.00795538  -0.997943 0.677551 -0.0636417  -0.0288137  -0.997557 0.440338
0 0 0 1 0 0 0 1
0.995178  0.0533855  -0.0822884 -0.0371952 0.996834  0.00472916  -0.0793725 0.066214
0.0511263  -0.998262  -0.0293228 -0.066182 0.000113926  -0.998314  -0.0580506 -0.0126449
-0.0837107  0.0249743  -0.996177 0.605945 -0.0795131  0.0578578  -0.995153 0.451445
0 0 0 1 0 0 0 1
0.995105  -0.0435948  -0.0886899 -0.0668259 0.995055  0.0371747  -0.0921061 -0.00699813
-0.0371943  -0.996669  0.0725833 -0.0141039 0.0436247  -0.99666  0.0690338 -0.0075327
-0.0915587  -0.0689292  -0.993411 0.681917 -0.0892322  -0.0727105  -0.993353 0.449858
0 0 0 1 0 0 0 1
0.999777  0.00885673  -0.0191565 -0.124725 0.999037  0.038023  -0.0219061 0.0109879
0.00963291  -0.99912  0.0408123 -0.0433731 0.0382784  -0.999203  0.0113629 0.0062201
-0.0187782  -0.0409878  -0.998983 0.56089 -0.0214566  -0.0121905  -0.999695 0.45218
0 0 0 1 0 0 0 1
0.975773  -0.173834  -0.13285 0.022375 0.985692  0.0630428  -0.156325 0.0282003
-0.14603  -0.969633  0.196179 0.0606947 0.0979587  -0.968979  0.226899 0.00983886
-0.162918  -0.172026  -0.971527 0.744255 -0.137171  -0.238966  -0.96129 0.45184
0 0 0 1 0 0 0 1
0.982782  0.120902  -0.139725 0.0135414 0.987401  -0.0568637  -0.14767 0.0256499
0.0994831  -0.983476  -0.151257 -0.0213962 -0.0809391  -0.983378  -0.16253 -0.00123622
-0.155704  0.134753  -0.978569 0.736034 -0.135974  0.172434  -0.975591 0.454666
0 0 0 1 0 0 0 1
0.998666  0.0439854  -0.0270479 -0.163343 0.99957  0.0142054  -0.0256533 -0.0798168
0.0437014  -0.998984  -0.0110028 -0.080057 0.0130891  -0.998982  -0.043172 -0.0201973
-0.0275044  0.00980611  -0.999574 0.649171 -0.0262405  0.0428176  -0.998738 0.452972
0 0 0 1 0 0 0 1
0.983797  -0.173431  -0.0454341 -0.0705259 0.9933  0.0869498  -0.0761221 0.0211214
-0.160119  -0.963951  0.212509 0.0762625 0.103185  -0.96391  0.245419 0.0163357
-0.080652  -0.201791  -0.976102 0.628029 -0.0520357  -0.251629  -0.966424 0.452275
0 0 0 1 0 0 0 1
0.992752  -0.0262262  -0.117284 0.0114626 0.992218  -0.0409521  -0.117581 0.0724166
-0.029709  -0.999165  -0.0280461 0.0841051 -0.0398674  -0.999138  0.0115638 0.0114712
-0.11645  0.0313272  -0.992702 0.656904 -0.117954  -0.00678617  -0.992996 0.459235
0 0 0 1 0 0 0 1
0.993074  0.10034  -0.0611202 -0.0728579 0.996834  -0.0401661  -0.0686205 0.0190155
0.0932718  -0.989634  -0.109203 -0.0614309 -0.0492089  -0.989536  -0.135634 -0.015745
-0.071444  0.102745  -0.992139 0.626581 -0.0624546  0.138581  -0.98838 0.454618
0 0 0 1 0 0 0 1
0.987409  0.155426  -0.029424 -0.137417 0.995823  -0.0738061  -0.0537589 -0.0712275
0.147608  -0.972176  -0.181896 -0.0800152 -0.0838473  -0.972262  -0.218348 -0.0133961
-0.0568767  0.175263  -0.982877 0.67733 -0.0361523  0.221944  -0.974389 0.45126
0 0 0 1 0 0 0 1
0.972533  -0.202926  -0.114019 -0.0360216 0.989345  0.0426186  -0.139214 -0.0598346
-0.178479  -0.964562  0.194336 0.12549 0.0767075  -0.965301  0.249619 0.0186659
-0.149414  -0.168648  -0.974286 0.800379 -0.123745  -0.257638  -0.958285 0.447674
0 0 0 1 0 0 0 1
0.991318  -0.00796093  -0.131248 -0.0701362 0.990809  0.0315899  -0.131528 -0.103186
-0.00235708  -0.999081  0.042797 -0.0369981 0.0349986  -0.999107  0.0236849 -0.00293853
-0.131468  -0.042116  -0.990425 0.825586 -0.130662  -0.0280705  -0.991029 0.449684
0 0 0 1 0 0 0 1
0.983534  -0.13086  -0.124646 -0.0562128 0.989247  0.048567  -0.137957 -0.0873292
-0.111568  -0.982238  0.150868 0.0430914 0.0718958  -0.982901  0.169518 0.00181871
-0.142174  -0.134477  -0.980664 0.818154 -0.127365  -0.177614  -0.975823 0.450968
0 0 0 1 0 0 0 1
0.98243  0.111902  -0.149364 0.031044 0.988003  0.0267517  -0.152097 0.0194765
0.105212  -0.99309  -0.0519881 -0.130739 0.00888604  -0.993098  -0.116949 -0.0107781
-0.154149  0.0353598  -0.987415 0.758562 -0.154176  0.114195  -0.981422 0.458682
0 0 0 1 0 0 0 1
0.999333  0.0243431  -0.0272185 -0.121228 0.997445  -0.0658069  -0.0278161 -0.00370258
0.0217508  -0.995541  -0.0917865 0.0454446 -0.0675209  -0.995534  -0.0659828 -0.00300127
-0.0293315  0.0911332  -0.995407 0.584404 -0.0233497  0.0676924  -0.997433 0.459655
0 0 0 1 0 0 0 1
0.987716  -0.00568501  -0.156156 -0.00245164 0.987829  -0.020637  -0.154168 -0.0343041
-0.00840069  -0.999825  -0.0167364 0.030855 -0.021267  -0.999771  -0.0024382 5.92808e-05
-0.156034  0.0178426  -0.987591 0.802782 -0.154082  0.00568723  -0.988042 0.457991
0 0 0 1 0 0 0 1
0.983842  -0.0783503  -0.160983 0.0533779 0.985647  -0.0384266  -0.164386 0.0330256
-0.0775041  -0.996925  0.0115394 0.119941 -0.0264926  -0.996893  0.0741835 0.00989489
-0.161392  0.00112382  -0.98689 0.764754 -0.166726  -0.0687637  -0.983603 0.462966
0 0 0 1 0 0 0 1
0.993485  0.0319558  -0.109391 -0.00926452 0.989186  -0.0919379  -0.114275 0.0418112
0.0179515  -0.99178  -0.126688 0.0867002 -0.101387  -0.99164  -0.0798217 -0.00132508
-0.11254  0.123899  -0.985892 0.672583 -0.105981  0.0905445  -0.990237 0.463134
0 0 0 1 0 0 0 1
0.992682  -0.0694007  -0.0988198 -0.0283662 0.988144  0.106554  -0.110535 0.0219576
-0.0519518  -0.984191  0.169318 -0.0676238 0.120608  -0.98423  0.129403 0.00461762
-0.109008  -0.162945  -0.980595 0.679356 -0.0950038  -0.1412  -0.985412 0.461477
0 0 0 1 0 0 0 1
0.99953  -0.0180124  -0.0248095 -0.0785745 0.999654  0.00544988  -0.025724 0.0747148
-0.0176153  -0.999715  0.0161352 0.0292875 0.00603728  -0.999722  0.0228125 0.0175326
-0.025093  -0.0156906  -0.999562 0.520541 -0.0255925  -0.0229599  -0.999409 0.462625
0 0 0 1 0 0 0 1
0.993939  0.00566037  -0.109784 -0.0525424 0.990258  -0.0822194  -0.112379 -0.0387344
-0.00513673  -0.995191  -0.0978167 0.104269 -0.0878667  -0.995058  -0.0462512 0.00606681
-0.10981  0.0977878  -0.989131 0.739853 -0.10802  0.0556749  -0.992588 0.45985
0 0 0 1 0 0 0 1
0.984506  -0.0623713  -0.163882 0.0311599 0.983942  0.0556721  -0.169582 -0.00343219
-0.0448207  -0.993065  0.108691 -0.0375857 0.0724179  -0.992914  0.0942161 -0.00913803
-0.169525  -0.0996616  -0.980474 0.79707 -0.163135  -0.104984  -0.981002 0.4617
0 0 0 1 0 0 0 1
0.992847  0.0622849  -0.101857 -0.0543761 0.993737  0.0441804  -0.102639 -0.0385757
0.0634287  -0.997954  0.00802657 -0.118835 0.0392078  -0.997981  -0.0499702 -0.0104514
-0.101148  -0.0144298  -0.994767 0.734648 -0.10464  0.045633  -0.993463 0.461456
0 0 0 1 0 0 0 1
0.977903  -0.207115  -0.028443 -0.111534 0.99235  0.102948  -0.0681448 -0.050872
-0.193826  -0.949203  0.24788 0.0995465 0.118528  -0.948872  0.292563 0.0204011
-0.0783378  -0.23689  -0.968373 0.677422 -0.0345418  -0.298402  -0.953815 0.458193
0 0 0 1 0 0 0 1
0.997457  -0.066716  -0.02509 -0.0754726 0.997925  0.056464  -0.0309286 0.0698843
-0.0637122  -0.992342  0.105817 0.000280943 0.0595244  -0.992245  0.109116 -0.00451578
-0.0319575  -0.103949  -0.994069 0.529221 -0.0245277  -0.110731  -0.993548 0.466879
0 0 0 1 0 0 0 1
0.986905  0.1127  -0.115396 -0.0410983 0.98829  -0.0791525  -0.130449 -0.0478681
0.0922318  -0.981207  -0.169489 -0.00129533 -0.100409  -0.981101  -0.165402 -0.00963191
-0.132329  0.156626  -0.978753 0.77274 -0.114892  0.176564  -0.977561 0.461054
0 0 0 1 0 0 0 1
0.958965  -0.260265  -0.112461 0.0283185 0.985483  0.062384  -0.157898 0.00209054
-0.224625  -0.93946  0.258765 0.127768 0.11119  -0.939985  0.32259 0.00878825
-0.173  -0.222885  -0.959371 0.77942 -0.128297  -0.335464  -0.933276 0.461707
0 0 0 1 0 0 0 1
0.973828  0.199685  -0.108561 -0.0108639 0.990486  -0.0324755  -0.133726 -0.0244742
0.178407  -0.967497  -0.179222 -0.13536 -0.0645988  -0.96776  -0.243451 -0.0150989
-0.14082  0.155163  -0.977801 0.769281 -0.121508  0.249773  -0.96065 0.461893
0 0 0 1 0 0 0 1
0.998233  -0.0541466  -0.0244718 -0.152019 0.994966  0.0948363  -0.0323728 -0.0747968
-0.0500961  -0.98839  0.143445 -0.0374489 0.0979631  -0.988528  0.114962 0.0124904
-0.0319547  -0.141966  -0.989356 0.647153 -0.0210989  -0.117555  -0.992842 0.466253
0 0 0 1 0 0 0 1
0.986808  0.160776  -0.0189835 -0.101085 0.993318  -0.10415  -0.0497103 -0.00244236
0.152859  -0.963936  -0.217859 -0.0693738 -0.113171  -0.963438  -0.242856 -0.027743
-0.0533254  0.212083  -0.975796 0.611836 -0.0225993  0.246859  -0.968788 0.464183
0 0 0 1 0 0 0 1
0.98103  0.0464575  -0.188204 0.0146594 0.978043  -0.0812452  -0.191916 -0.0859727
0.022642  -0.991674  -0.126767 0.0877431 -0.0989487  -0.991496  -0.084525 0.00776602
-0.192527  0.120101  -0.973914 0.894832 -0.183417  0.101659  -0.977765 0.462088
0 0 0 1 0 0 0 1
0.948322  0.311442  -0.0607418 -0.0281983 0.982266  -0.119128  -0.144783 -0.0343478
0.271538  -0.895562  -0.352472 -0.146715 -0.16923  -0.895744  -0.411101 -0.0384382
-0.164173  0.317763  -0.933849 0.767596 -0.0807147  0.428312  -0.900019 0.453922
0 0 0 1 0 0 0 1
0.976037  -0.0619052  -0.208611 0.0351746 0.977705  0.028932  -0.207982 -0.0917004
-0.0456445  -0.995596  0.0818836 -0.00149971 0.0466918  -0.99562  0.0809953 -0.000508403
-0.212762  -0.0703996  -0.974565 0.9288 -0.204727  -0.0889005  -0.974774 0.462141
0 0 0 1 0 0 0 1
0.99803  0.0601411  -0.0178469 -0.157335 0.996022  -0.0853793  -0.0254933 -0.0888326
0.0572012  -0.989228  -0.134744 0.0301754 -0.0878187  -0.989041  -0.118687 -0.00168793
-0.0257583  0.133457  -0.99072 0.658235 -0.0150805  0.120454  -0.992604 0.472407
0 0 0 1 0 0 0 1
0.992857  -0.0811991  -0.0874137 -0.0051496 0.995927  0.00623401  -0.0899422 0.0617319
-0.0759025  -0.995167  0.0623051 0.0801581 0.0149126  -0.995256  0.0961441 0.0153566
-0.0920503  -0.0552251  -0.994222 0.639488 -0.0889161  -0.0970938  -0.991295 0.476514
0 0 0 1 0 0 0 1
0.975  -0.221426  -0.0185895 -0.0699421 0.986816  0.142744  -0.0762786 0.0234443
-0.205446  -0.930178  0.304239 0.0762827 0.160059  -0.930595  0.329201 0.0285838
-0.0846579  -0.292814  -0.952414 0.614207 -0.0239928  -0.33707  -0.941174 0.466762
0 0 0 1 0 0 0 1
0.986162  0.0143735  -0.165159 0.0253428 0.983362  0.0731436  -0.166278 -0.0349508
0.0270056  -0.996856  0.0744951 -0.132769 0.0761605  -0.997025  0.0118315 -0.0231691
-0.163569  -0.0779245  -0.983449 0.826279 -0.164918  -0.0242985  -0.986008 0.471709
0 0 0 1 0 0 0 1
0.955927  -0.258502  -0.13921 0.0133137 0.981039  0.058222  -0.184857 -0.0819836
-0.217117  -0.941567  0.257511 0.127105 0.115673  -0.941196  0.317443 0.0201794
-0.197643  -0.215937  -0.956195 0.886514 -0.155505  -0.332807  -0.930085 0.459506
0 0 0 1 0 0 0 1
0.948267  -0.317453  0.00371202 -0.101751 0.977161  0.181175  -0.111053 -0.0597378
-0.290433  -0.862715  0.413971 0.127577 0.21211  -0.863303  0.457949 0.0451647
-0.128214  -0.393633  -0.910282 0.710265 -0.0129039  -0.471045  -0.882015 0.451399
0 0 0 1 0 0 0 1
0.960755  -0.271857  -0.0551625 -0.0680507 0.987945  0.10024  -0.117967 -0.0789582
-0.243567  -0.921906  0.30127 0.135832 0.136685  -0.92259  0.360757 0.0226825
-0.132757  -0.276011  -0.951942 0.776892 -0.0726733  -0.372532  -0.925169 0.462095
0 0 0 1 0 0 0 1
0.972254  0.230709  -0.0386761 -0.0898603 0.989631  -0.112061  -0.0898443 -0.0623354
0.211271  -0.936984  -0.278254 -0.103739 -0.135384  -0.936691  -0.322925 -0.0233673
-0.100435  0.262363  -0.959728 0.721385 -0.047969  0.33174  -0.942151 0.465974
0 0 0 1 0 0 0 1
0.999089  0.0376476  -0.0200954 -0.079359 0.998019  -0.0573231  -0.0259097 0.0514037
0.0357443  -0.995489  -0.0878848 0.0363427 -0.0591245  -0.995419  -0.0751411 0.0113467
-0.0233134  0.0870865  -0.995928 0.54349 -0.0214837  0.0765242  -0.996836 0.478614
0 0 0 1 0 0 0 1
0.996945  0.0217305  -0.0750259 -0.105142 0.994309  -0.0686937  -0.0814312 -0.101026
0.0147372  -0.9956  -0.0925373 0.0599524 -0.0736081  -0.995542  -0.0589668 -0.00292177
-0.0767066  0.0911489  -0.992879 0.756437 -0.0770175  0.0646252  -0.994933 0.474385
0 0 0 1 0 0 0 1
0.984826  -0.168628  -0.0410215 -0.102949 0.996328  0.0559341  -0.0648211 -0.0749212
-0.159314  -0.972189  0.17166 0.0929931 0.0692129  -0.971845  0.225228 -0.00254689
-0.0688274  -0.16252  -0.984302 0.713964 -0.0503981  -0.228887  -0.972147 0.475074
0 0 0 1 0 0 0 1
0.999976  0.00285748  -0.00631606 -0.146891 0.998628  0.0514429  -0.00973543 -0.0540175
0.0032266  -0.998239  0.0592269 -0.0626567 0.0516883  -0.998301  0.0269071 -0.00538646
-0.0061357  -0.0592459  -0.998225 0.607548 -0.00833471  -0.0273734  -0.999591 0.479357
0 0 0 1 0 0 0 1
0.982571  0.0843419  -0.165654 -0.0062544 0.985921  0.00766565  -0.167033 -0.100668
0.0761127  -0.995558  -0.0554229 -0.0836394 -0.00771091  -0.995801  -0.0912142 -0.0115966
-0.169593  0.0418485  -0.984625 0.888597 -0.167031  0.091218  -0.981723 0.469445
0 0 0 1 0 0 0 1
0.997228  -0.0727927  -0.0153873 -0.100007 0.994192  0.103553  -0.0293209 0.0162807
-0.0692995  -0.984031  0.163953 -0.022751 0.106676  -0.984248  0.14098 0.0169252
-0.0270762  -0.162433  -0.986348 0.568252 -0.0142602  -0.143289  -0.989578 0.478898
0 0 0 1 0 0 0 1
0.979916  0.166333  -0.109989 0.0146005 0.975492  -0.152221  -0.158883 0.0151265
0.127854  -0.94735  -0.293566 0.0502789 -0.189789  -0.947451  -0.257521 -0.0168579
-0.153027  0.273608  -0.94959 0.738879 -0.111334  0.281364  -0.953121 0.47632
0 0 0 1 0 0 0 1
0.978481  0.206022  -0.0113865 -0.0753589 0.985711  -0.153383  -0.0696279 0.0235015
0.192797  -0.932539  -0.305288 -0.0588414 -0.167695  -0.932573  -0.319666 -0.0324095
-0.0735147  0.296524  -0.952192 0.60204 -0.0159016  0.326775  -0.944968 0.472329
0 0 0 1 0 0 0 1
0.996896  0.0762816  -0.0195028 -0.113378 0.99264  -0.115788  -0.0354792 -0.0190857
0.0715623  -0.981136  -0.179586 0.0425966 -0.119895  -0.980881  -0.153291 -0.00858432
-0.032834  0.177633  -0.983549 0.604714 -0.0170515  0.156417  -0.987544 0.480008
0 0 0 1 0 0 0 1
0.997241  -0.0143718  -0.0728211 -0.0374305 0.996392  -0.041457  -0.0740579 0.0267371
-0.0172223  -0.999104  -0.0386682 0.0632615 -0.0419051  -0.999111  -0.00450674 0.000638348
-0.0722001  0.0398156  -0.996595 0.643589 -0.0738053  0.00759389  -0.997244 0.483493
0 0 0 1 0 0 0 1
0.99677  -0.0440925  -0.0671267 -0.110338 0.997188  -0.0341487  -0.0667116 -0.100528
-0.0449653  -0.998922  -0.0115458 0.0698187 -0.0320794  -0.998978  0.031847 -0.0103423
-0.0665452  0.0145268  -0.997678 0.742209 -0.0677309  -0.0296173  -0.997264 0.479683
0 0 0 1 0 0 0 1
0.993398  0.111923  -0.0251889 -0.134755 0.983299  -0.171366  -0.061289 -0.0829315
0.101241  -0.958536  -0.266382 0.0636708 -0.180772  -0.95864  -0.219841 -0.0207464
-0.0539587  0.262073  -0.963538 0.677282 -0.0210807  0.227249  -0.973608 0.476918
0 0 0 1 0 0 0 1
1  0.000248744  -0.000164681 -0.0974152 0.999999  -0.000411134  0.00120999 0.0485384
0.000248574  -0.999999  -0.00103181 -0.0256839 -0.000411736  -1  0.000497114 -0.0256757
-0.000164937  0.00103177  -0.999999 0.512741 0.00120978  -0.000497612  -0.999999 0.484454
0 0 0 1 0 0 0 1
0.961381  0.0950265  -0.258297 0.211217 0.964704  0.0240481  -0.262235 0.0575448
0.0848677  -0.995126  -0.0502258 -0.0881312 -0.00233124  -0.995003  -0.0998222 -0.0012861
-0.261811  0.026365  -0.964759 0.891729 -0.263325  0.0969102  -0.959827 0.489308
0 0 0 1 0 0 0 1
0.996847  -0.0789485  -0.0079991 -0.158162 0.999773  0.0189215  -0.00983678 -0.0948367
-0.0782381  -0.994674  0.0670943 0.0805309 0.0198209  -0.994666  0.101226 0.0191843
-0.0132535  -0.0662569  -0.997715 0.654131 -0.00786895  -0.101398  -0.994815 0.483939
0 0 0 1 0 0 0 1
0.979697  -0.142242  -0.141284 0.053863 0.988557  0.00743  -0.150661 0.0261345
-0.127044  -0.985627  0.111356 0.0941015 0.0325475  -0.985766  0.164945 -0.00559596
-0.155092  -0.0911455  -0.983686 0.762883 -0.147291  -0.167961  -0.974728 0.486484
0 0 0 1 0 0 0 1
0.947152  -0.310936  -0.0788752 0.00881724 0.967115  0.171282  -0.188019 -0.0217864
-0.251535  -0.872482  0.418934 0.0482057 0.237595  -0.872206  0.427557 0.0335094
-0.199079  -0.376954  -0.904584 0.794412 -0.0907585  -0.458169  -0.884219 0.46566
0 0 0 1 0 0 0 1
0.934823  -0.325058  -0.142982 0.0717525 0.975575  0.0620971  -0.210708 -0.0537626
-0.267321  -0.909195  0.319224 0.146396 0.142233  -0.909557  0.390481 0.0153152
-0.233765  -0.260196  -0.936831 0.905141 -0.167403  -0.410913  -0.896173 0.468278
0 0 0 1 0 0 0 1
0.984479  0.140495  -0.105173 -0.0502187 0.993828  0.000481365  -0.110933 -0.0867499
0.130602  -0.986804  -0.0957102 -0.146887 -0.017654  -0.986561  -0.162439 -0.0276914
-0.117232  0.0804889  -0.989837 0.802409 -0.109521  0.163395  -0.980463 0.478687
0 0 0 1 0 0 0 1
0.989579  0.0507181  -0.134763 0.0196446 0.98897  0.0703394  -0.130351 0.00434913
0.0575927  -0.997204  0.0476109 -0.125252 0.0674735  -0.997375  -0.0262794 0.0058992
-0.131972  -0.0548761  -0.989733 0.748767 -0.131857  0.0171943  -0.99112 0.487625
0 0 0 1 0 0 0 1
0.996422  -0.0842007  -0.00730178 -0.124375 0.999039  0.0418255  -0.013073 -0.0335174
-0.0830802  -0.991685  0.098278 0.0290936 0.0431123  -0.991562  0.122253 -0.0134887
-0.0155161  -0.0973198  -0.995132 0.60354 -0.00784936  -0.122699  -0.992413 0.487684
0 0 0 1 0 0 0 1
0.952443  -0.152479  -0.263824 0.221007 0.954515  0.0777546  -0.287847 0.0442821
-0.096077  -0.971906  0.214867 -0.0513504 0.136651  -0.972121  0.190547 -0.0090485
-0.289175  -0.179301  -0.940334 0.922413 -0.265006  -0.221214  -0.938529 0.490388
0 0 0 1 0 0 0 1
0.99758  0.0689884  -0.00870036 -0.126713 0.998675  -0.0492895  -0.0147715 -0.0338265
0.0678073  -0.992868  -0.0980609 -0.0502857 -0.0505937  -0.992935  -0.107334 -0.0319962
-0.0154034  0.0972336  -0.995142 0.602431 -0.0093767  0.107939  -0.994113 0.4861
0 0 0 1 0 0 0 1
0.967283  0.128597  -0.218692 0.129128 0.969731  -0.0692928  -0.234137 0.00299394
0.0903552  -0.980111  -0.176689 0.021042 -0.111066  -0.979125  -0.170232 -0.000456538
-0.237065  0.151149  -0.959664 0.887381 -0.217453  0.191084  -0.957184 0.485672
0 0 0 1 0 0 0 1
0.992111  -0.023307  -0.123179 -0.036455 0.986028  0.105645  -0.128795 -0.0759224
-0.00630821  -0.990603  0.136627 -0.122627 0.115881  -0.990447  0.0747403 -0.00786344
-0.125206  -0.134772  -0.982934 0.800637 -0.119669  -0.088621  -0.988851 0.483834
0 0 0 1 0 0 0 1
0.911707  -0.4086  -0.0428583 0.0154424 0.965616  0.165637  -0.200373 -0.0287288
-0.338748  -0.806646  0.484326 0.140098 0.249514  -0.806888  0.535421 0.0461427
-0.232467  -0.427045  -0.873837 0.815237 -0.0729929  -0.567007  -0.820473 0.454124
0 0 0 1 0 0 0 1
0.963024  0.269262  0.00905875 -0.0983043 0.979221  -0.184738  -0.0836521 -0.0269108
0.252312  -0.889592  -0.380742 -0.097817 -0.202792  -0.88952  -0.409427 -0.0456902
-0.0944607  0.36895  -0.924637 0.649002 0.00122669  0.417884  -0.9085 0.470542
0 0 0 1 0 0 0 1
0.999393  0.0348118  -0.00118612 -0.166866 0.999511  -0.0310234  -0.00384 -0.107039
0.0346961  -0.997923  -0.0542805 0.0198372 -0.031194  -0.99783  -0.0579837 0.0227111
-0.00307326  0.0542064  -0.998525 0.654832 -0.00203282  0.0580751  -0.99831 0.491815
0 0 0 1 0 0 0 1
0.98965  -0.0861396  -0.114774 -0.0192679 0.993408  -0.00248197  -0.114601 -0.0380175
-0.0803575  -0.995297  0.0540948 0.10486 0.00863939  -0.995301  0.0964454 0.0295377
-0.118894  -0.0443119  -0.991918 0.767421 -0.114302  -0.0967998  -0.988719 0.487497
0 0 0 1 0 0 0 1
0.979993  -0.199007  -0.00314109 -0.137863 0.980668  0.182599  -0.0703477 -0.0956806
-0.186637  -0.924331  0.332834 0.0189046 0.195613  -0.924267  0.327819 0.0294852
-0.0691397  -0.325589  -0.94298 0.695458 -0.00516072  -0.335242  -0.942118 0.47954
0 0 0 1 0 0 0 1
0.934163  0.356641  -0.0121248 -0.061456 0.97663  -0.164768  -0.138005 -0.0697455
0.317378  -0.845893  -0.428645 -0.156572 -0.211844  -0.846331  -0.488718 -0.045363
-0.163129  0.396576  -0.903392 0.773301 -0.0362728  0.506532  -0.861458 0.461683
0 0 0 1 0 0 0 1
0.991257  0.0992231  -0.0869681 -0.0740808 0.988396  -0.107788  -0.10703 -0.0963869
0.0810013  -0.977947  -0.192505 0.0435689 -0.124644  -0.978236  -0.165886 -0.00289539
-0.104151  0.183778  -0.977435 0.784481 -0.0868202  0.177302  -0.980319 0.48657
0 0 0 1 0 0 0 1
0.990598  0.0672643  -0.119125 0.0533779 0.990039  -0.0592545  -0.127717 0.0774223
0.0536228  -0.992006  -0.114233 0.00446649 -0.0727102  -0.991978  -0.103408 -0.0165185
-0.125856  0.106771  -0.986286 0.682955 -0.120565  0.111664  -0.986405 0.496628
0 0 0 1 0 0 0 1
0.98432  -0.00353952  -0.176357 0.096747 0.983088  -0.0302494  -0.180616 0.0352454
-0.0092906  -0.999451  -0.0317955 0.0633595 -0.0321113  -0.999457  -0.00739295 0.0193061
-0.176147  0.0329354  -0.983813 0.7992 -0.180295  0.0130677  -0.983526 0.496623
0 0 0 1 0 0 0 1
0.952098  0.152205  -0.265224 0.239566 0.959111  -0.0281373  -0.281628 0.0575498
0.11252  -0.980852  -0.158961 -0.0212448 -0.0807148  -0.980917  -0.17688 0.0130254
-0.28434  0.121503  -0.950993 0.918221 -0.271276  0.192379  -0.94308 0.499309
0 0 0 1 0 0 0 1
0.99238  0.0906434  -0.0834646 -0.0268985 0.994511  -0.0509015  -0.0914199 -0.00289996
0.0806862  -0.989991  -0.115795 -0.00792054 -0.062393  -0.989861  -0.127599 0.0109768
-0.0931252  0.108178  -0.98976 0.699433 -0.083998  0.132602  -0.987604 0.49475
0 0 0 1 0 0 0 1
0.977905  0.188278  -0.0908428 -0.0311432 0.988649  -0.0850262  -0.12387 -0.064495
0.163896  -0.960263  -0.225903 -0.0506144 -0.114413  -0.960437  -0.253912 0.00108168
-0.129766  0.206023  -0.969905 0.792785 -0.0973805  0.265202  -0.959263 0.487898
0 0 0 1 0 0 0 1
0.887987  -0.458917  0.0295698 -0.0356802 0.952953  0.224309  -0.203878 -0.0428198
-0.390215  -0.717905  0.576494 0.152494 0.303064  -0.717815  0.626812 0.0602642
-0.243334  -0.523457  -0.816566 0.782489 -0.00574727  -0.659111  -0.752024 0.438005
0 0 0 1 0 0 0 1
0.992307  -0.122604  -0.0171685 -0.0510209 0.996247  0.0789788  -0.0354086 0.064389
-0.118113  -0.979126  0.165413 0.035165 0.0841981  -0.979113  0.185066 -4.68107e-05
-0.0370904  -0.162113  -0.986075 0.551772 -0.0200528  -0.187353  -0.982088 0.49566
0 0 0 1 0 0 0 1
0.987545  -0.0159586  -0.156523 -0.00370146 0.984499  -0.070228  -0.160714 -0.103022
-0.0272118  -0.997175  -0.0700176 0.101082 -0.0728596  -0.997287  -0.0105332 -0.0051241
-0.154963  0.0734048  -0.985189 0.883188 -0.159538  0.0220794  -0.986945 0.486472
0 0 0 1 0 0 0 1
0.992753  -0.0763418  -0.0928138 -0.0808642 0.985734  0.129089  -0.108001 -0.110289
-0.0565261  -0.978172  0.19996 -0.0790408 0.14448  -0.978141  0.149551 0.013237
-0.106053  -0.193264  -0.975398 0.792722 -0.0863349  -0.163021  -0.982838 0.487916
0 0 0 1 0 0 0 1
0.966122  -0.216354  -0.140707 0.0509376 0.986389  0.017305  -0.163513 -0.0302573
-0.190133  -0.965334  0.178829 0.138487 0.058757  -0.965882  0.252229 0.000731048
-0.17452  -0.146018  -0.973767 0.836657 -0.153569  -0.258404  -0.953753 0.489797
0 0 0 1 0 0 0 1
0.995563  -0.0927608  -0.015776 -0.0752624 0.999585  0.0218244  -0.0187895 0.0251836
-0.0911725  -0.992456  0.081963 0.0451241 0.0239349  -0.992412  0.120605 -0.0254035
-0.02326  -0.080161  -0.996511 0.574346 -0.0160148  -0.121005  -0.992523 0.498091
0 0 0 1 0 0 0 1
0.965748  -0.259404  0.0063901 -0.0724465 0.97859  0.188002  -0.0837611 0.00915552
-0.242592  -0.893873  0.377015 0.0735558 0.205817  -0.893679  0.398718 0.0348625
-0.092087  -0.365651  -0.926185 0.621976 0.000104421  -0.407422  -0.91324 0.481755
0 0 0 1 0 0 0 1
0.994397  -0.0502751  -0.0929881 0.0290232 0.995043  0.0240671  -0.0964927 0.0846315
-0.0447025  -0.997132  0.0610714 -0.0152733 0.0307837  -0.99716  0.0687339 -0.0304297
-0.0957918  -0.0565724  -0.993792 0.635152 -0.0945645  -0.0713636  -0.992958 0.501676
0 0 0 1 0 0 0 1
0.98811  -0.133005  -0.0771207 -0.00149768 0.985594  0.133155  -0.104276 0.0483155
-0.111033  -0.964291  0.240446 -0.0425481 0.153249  -0.963938  0.217575 0.00189052
-0.106347  -0.229025  -0.967594 0.652181 -0.0715439  -0.230421  -0.970457 0.497072
0 0 0 1 0 0 0 1
0.992369  0.116138  -0.0414226 -0.111579 0.998784  -0.00670744  -0.0488372 -0.103725
0.112538  -0.990369  -0.080656 -0.0815323 -0.01342  -0.990279  -0.138449 0.0232773
-0.0503909  0.075379  -0.995881 0.729312 -0.0474338  0.138936  -0.989165 0.495951
0 0 0 1 0 0 0 1
0.99895  0.0135188  -0.0437674 -0.126604 0.997141  0.0640071  -0.0401652 -0.104381
0.0164381  -0.997615  0.0670414 -0.0649723 0.0648522  -0.997692  0.0201025 0.0182304
-0.0427567  -0.0676905  -0.99679 0.709232 -0.0387858  -0.0226498  -0.998991 0.495546
0 0 0 1 0 0 0 1
0.996112  -0.0232955  -0.0849598 0.0269743 0.99574  -0.0375804  -0.0842033 0.0978601
-0.0257122  -0.999292  -0.0274616 0.0554304 -0.0369579  -0.999277  0.0089399 -0.0107285
-0.0842599  0.0295393  -0.996006 0.609428 -0.0844784  -0.00578984  -0.996408 0.502147
0 0 0 1 0 0 0 1
0.936979  -0.342474  -0.0691524 0.0180048 0.983273  0.0942138  -0.155879 -0.0425882
-0.298721  -0.887913  0.349823 0.165289 0.153801  -0.887932  0.433499 0.0116052
-0.181206  -0.307119  -0.93426 0.817716 -0.097568  -0.450222  -0.88757 0.481016
0 0 0 1 0 0 0 1
0.994946  0.0756214  -0.0660531 0.0128455 0.997675  -0.000736932  -0.068149 0.0977609
0.0724447  -0.996156  -0.049236 -0.0424768 -0.00676892  -0.996069  -0.0883233 0.0271314
-0.0695225  0.0442019  -0.996601 0.587223 -0.067816  0.0885792  -0.993758 0.504233
0 0 0 1 0 0 0 1
0.976979  -0.0423875  -0.209081 0.169283 0.976105  0.00884302  -0.217119 0.0728196
-0.0343684  -0.998533  0.041841 0.0207869 0.0200618  -0.998572  0.0495216 0.00661962
-0.210548  -0.033692  -0.977003 0.823597 -0.216371  -0.0526941  -0.974888 0.505606
0 0 0 1 0 0 0 1
0.999356  0.0356297  0.00421222 -0.0576785 0.999312  -0.0370844  -0.000279297 0.104558
0.0358232  -0.997409  -0.0623872 -0.00530802 -0.0370305  -0.997393  -0.0619345 -0.00604906
0.00197847  0.0624979  -0.998043 0.469151 0.00201824  0.0619022  -0.99808 0.500321
0 0 0 1 0 0 0 1
0.994454  0.0670639  -0.081019 -0.0248944 0.996549  0.023796  -0.0795212 0.00379532
0.0658056  -0.997668  -0.0181049 -0.0679412 0.0186784  -0.997744  -0.0644899 0.0212162
-0.0820442  0.012673  -0.996548 0.683261 -0.0808763  0.062782  -0.994745 0.501196
0 0 0 1 0 0 0 1
0.99981  -0.017035  0.00950364 -0.122806 0.99934  -0.0346295  0.0109378 -0.013939
-0.0167497  -0.99943  -0.0293275 0.0390102 -0.0346258  -0.9994  -0.000527666 -0.0152933
0.00999781  0.0291628  -0.999525 0.558603 0.0109495  0.000148589  -0.99994 0.501079
0 0 0 1 0 0 0 1
0.997441  0.00291393  -0.071437 -0.0658506 0.996933  -0.0326759  -0.071106 -0.0494686
-0.000169028  -0.99907  -0.0431123 0.00879222 -0.0342699  -0.999185  -0.0213138 -0.0273731
-0.0714962  0.043014  -0.996513 0.712788 -0.0703516  0.0236852  -0.997241 0.499198
0 0 0 1 0 0 0 1
0.929485  0.366081  0.0451901 -0.104889 0.950289  -0.271184  -0.153003 -0.0554063
0.329648  -0.76945  -0.547063 -0.0816324 -0.309489  -0.768734  -0.559701 -0.0609576
-0.165498  0.523384  -0.835871 0.699503 0.0341639  0.57923  -0.814448 0.455513
0 0 0 1 0 0 0 1
0.993132  -0.116738  -0.00785251 -0.138857 0.989489  0.140536  -0.0340806 -0.0860394
-0.111735  -0.966193  0.232348 -0.0157671 0.14458  -0.966154  0.213642 0.0190293
-0.0347109  -0.229875  -0.972601 0.661156 -0.00290276  -0.216323  -0.976317 0.496194
0 0 0 1 0 0 0 1
0.993089  0.11288  -0.0321312 -0.0286844 0.996283  -0.0719796  -0.0473272 0.0753659
0.106752  -0.982545  -0.152348 -0.0229918 -0.0789927  -0.98252  -0.168564 0.00643135
-0.0487674  0.147865  -0.987804 0.563084 -0.0343668  0.171676  -0.984554 0.503178
0 0 0 1 0 0 0 1
0.988953  0.103687  -0.105928 -0.00305802 0.983538  -0.124805  -0.130677 -0.0201269
0.0789342  -0.973258  -0.215729 0.0792405 -0.146684  -0.973756  -0.174019 0.00695553
-0.125464  0.204984  -0.970691 0.75355 -0.105529  0.190322  -0.976033 0.499204
0 0 0 1 0 0 0 1
0.989977  -0.0865779  -0.111583 -0.0113543 0.98304  0.127598  -0.131725 -0.0377413
-0.0619655  -0.976229  0.207697 -0.0741058 0.14783  -0.976406  0.157411 0.0157181
-0.126913  -0.198701  -0.971808 0.769667 -0.108532  -0.174214  -0.978708 0.496769
0 0 0 1 0 0 0 1
0.992708  -0.0918794  -0.0780304 -0.0475124 0.993983  0.0634549  -0.0892799 -0.0504835
-0.0806693  -0.987373  0.136333 -0.0094658 0.0753212  -0.987769  0.136528 -0.014855
-0.0895713  -0.129044  -0.987585 0.741417 -0.0795244  -0.142432  -0.986605 0.499927
0 0 0 1 0 0 0 1
0.999398  -0.0303257  -0.0168276 -0.0323001 0.999833  -0.00271681  -0.018086 0.111583
-0.0300751  -0.999436  0.0149525 0.0151385 -0.00210711  -0.999432  0.0336451 -0.0186363
-0.0172716  -0.0144374  -0.999747 0.495616 -0.0181672  -0.0336013  -0.99927 0.503927
0 0 0 1 0 0 0 1
0.944315  -0.328669  0.0156492 -0.0462556 0.973429  0.198793  -0.113657 0.00951145
-0.30166  -0.845758  0.440108 0.108833 0.228989  -0.846798  0.480102 0.0319576
-0.131415  -0.420322  -0.897808 0.658867 -0.000803648  -0.493371  -0.869818 0.480731
0 0 0 1 0 0 0 1
0.991112  0.13008  -0.0278478 -0.085652 0.987828  -0.142772  -0.0617429 -0.0330501
0.119225  -0.961451  -0.247783 0.0300011 -0.153177  -0.961918  -0.226386 -0.00598668
-0.0590061  0.242261  -0.968415 0.655813 -0.0270701  0.233088  -0.972079 0.498387
0 0 0 1 0 0 0 1
0.992128  -0.069455  -0.104202 0.0414938 0.989042  0.0913304  -0.115993 0.0760665
-0.0530018  -0.986789  0.153096 -0.0365099 0.105431  -0.986928  0.121894 0.0184627
-0.113459  -0.146367  -0.982702 0.662737 -0.103344  -0.132787  -0.985742 0.504839
0 0 0 1 0 0 0 1
0.991386  0.0531355  -0.119706 0.0421907 0.992709  0.022007  -0.118513 0.0508563
0.0518028  -0.998556  -0.0142199 -0.10959 0.0161432  -0.998608  -0.0502126 -0.0376029
-0.120289  0.00789635  -0.992708 0.701647 -0.119453  0.0479333  -0.991682 0.504456
0 0 0 1 0 0 0 1
0.980716  -0.138315  -0.138076 0.0904324 0.989164  0.0106587  -0.146425 0.0723218
-0.123712  -0.986281  0.109297 0.113069 0.0350828  -0.985627  0.165254 0.020007
-0.151299  -0.0901075  -0.984373 0.730018 -0.142559  -0.1686  -0.975321 0.504706
0 0 0 1 0 0 0 1
0.989752  -0.12763  -0.0640385 -0.0969475 0.977246  0.184058  -0.10542 -0.110892
-0.103236  -0.949404  0.296606 -0.092537 0.204396  -0.949981  0.236133 0.0146779
-0.0986541  -0.286955  -0.952851 0.765265 -0.056685  -0.252308  -0.965985 0.492573
0 0 0 1 0 0 0 1
0.982981  0.178037  -0.045299 -0.0168062 0.994329  -0.0778087  -0.0724995 0.0444954
0.165384  -0.964955  -0.20374 -0.0748751 -0.0933621  -0.965097  -0.244687 0.000774032
-0.0799848  0.192781  -0.977977 0.629747 -0.0509302  0.250068  -0.966888 0.502169
0 0 0 1 0 0 0 1
0.982501  -0.17624  -0.0602527 -0.022153 0.99521  0.0538866  -0.0815645 0.00483479
-0.163391  -0.970841  0.175417 0.0812584 0.0714263  -0.970484  0.230346 -0.0159092
-0.0894114  -0.162503  -0.982649 0.683183 -0.0667445  -0.235068  -0.969685 0.502673
0 0 0 1 0 0 0 1
0.959343  -0.264501  -0.0984898 0.0536127 0.977245  0.126998  -0.169893 0.0286472
-0.21848  -0.916849  0.334147 0.0809363 0.180977  -0.91697  0.355546 0.0416989
-0.178682  -0.299043  -0.937361 0.75979 -0.110633  -0.378202  -0.919088 0.491412
0 0 0 1 0 0 0 1
0.991035  0.06831  -0.114822 -0.0314255 0.991971  0.052065  -0.115248 -0.0853627
0.0699969  -0.99749  0.0107203 -0.151926 0.0460318  -0.997457  -0.0544076 -0.0287722
-0.113801  -0.0186613  -0.993328 0.811378 -0.117788  0.0486656  -0.991846 0.498717
0 0 0 1 0 0 0 1
0.999073  0.0162351  -0.0398769 -0.0679368 0.998373  0.0405251  -0.0401069 -0.00410683
0.0177106  -0.999161  0.0369311 -0.0738042 0.0406439  -0.999171  0.00215064 -0.012546
-0.0392438  -0.0376031  -0.998522 0.629312 -0.0399865  -0.00377724  -0.999193 0.505105
0 0 0 1 0 0 0 1
0.899115  0.436888  -0.0268381 0.0140007 0.955574  -0.192896  -0.222868 -0.0420329
0.355342  -0.764345  -0.53806 -0.129385 -0.288775  -0.764177  -0.576751 -0.0586844
-0.255586  0.474241  -0.842479 0.835434 -0.0590577  0.615487  -0.785931 0.454432
0 0 0 1 0 0 0 1
0.994234  -0.0485194  -0.0956246 -0.0500766 0.994071  -0.050093  -0.0965027 -0.0838857
-0.0512106  -0.998352  -0.0258923 0.14078 -0.0470449  -0.998327  0.033608 0.0360938
-0.0942107  0.0306401  -0.995081 0.78374 -0.0980248  -0.0288688  -0.994765 0.501088
0 0 0 1 0 0 0 1
0.989277  0.0479049  -0.137972 0.0235151 0.990068  -0.0312859  -0.137066 -0.0176789
0.0382297  -0.996676  -0.0719413 -0.0240252 -0.0410323  -0.996782  -0.0688689 -0.0268789
-0.14096  0.0658952  -0.98782 0.784867 -0.13447  0.073809  -0.988165 0.503479
0 0 0 1 0 0 0 1
0.986858  -0.161561  0.00300769 -0.0591883 0.987345  0.153399  -0.0402414 0.0579356
-0.156277  -0.949516  0.272025 0.0091398 0.158546  -0.948871  0.272961 0.0116791
-0.0410929  -0.26892  -0.962285 0.543806 0.0036879  -0.275886  -0.961183 0.50231
0 0 0 1 0 0 0 1
0.974682  0.164051  -0.151926 0.0544362 0.986812  0.0171629  -0.160957 -0.0404968
0.150316  -0.983775  -0.0979334 -0.132155 -0.0123389  -0.983494  -0.180518 0.0134937
-0.165527  0.072617  -0.983528 0.849143 -0.161399  0.180124  -0.970312 0.502077
0 0 0 1 0 0 0 1
0.93239  -0.36024  0.0295926 -0.0900146 0.968742  0.213004  -0.127158 -0.07042
-0.32996  -0.81487  0.476564 0.137278 0.247942  -0.814771  0.524092 0.0510458
-0.147563  -0.454108  -0.878642 0.731623 0.00802914  -0.539237  -0.842116 0.468692
0 0 0 1 0 0 0 1
0.980406  -0.193783  -0.0353814 -0.0956445 0.990223  0.114689  -0.0794039 -0.0993123
-0.178538  -0.950031  0.256059 0.0680577 0.132685  -0.950072  0.282413 0.0204369
-0.0832332  -0.244725  -0.966013 0.750463 -0.0430499  -0.290188  -0.956001 0.496395
0 0 0 1 0 0 0 1
0.992292  -0.0475458  -0.114438 0.0105444 0.993561  0.0138868  -0.112447 -0.00499485
-0.0416996  -0.997726  0.0529502 -0.00587653 0.0207302  -0.997988  0.05992 -0.0274801
-0.116695  -0.0477701  -0.992018 0.744492 -0.111389  -0.0618652  -0.991849 0.50845
0 0 0 1 0 0 0 1
0.960891  0.262059  -0.089512 0.0377977 0.982199  -0.10976  -0.152441 0.0117507
0.223385  -0.924541  -0.308743 -0.110693 -0.157301  -0.924167  -0.348098 -0.0417912
-0.163667  0.276673  -0.946924 0.762061 -0.102674  0.36588  -0.924981 0.494323
0 0 0 1 0 0 0 1
0.993568  0.0851254  -0.0746717 -0.00181799 0.986032  -0.137532  -0.0939496 0.045367
0.0674904  -0.97469  -0.213128 0.0673935 -0.151744  -0.974333  -0.166282 -0.0207232
-0.0909245  0.206718  -0.974167 0.645004 -0.068669  0.178216  -0.981592 0.507732
0 0 0 1 0 0 0 1
0.987789  0.0870147  -0.129234 -0.0192884 0.972911  -0.172897  -0.153462 -0.0893241
0.0516776  -0.96553  -0.25511 0.148661 -0.19893  -0.964311  -0.17473 -0.00698042
-0.146977  0.245316  -0.958237 0.828769 -0.117775  0.200525  -0.972584 0.499168
0 0 0 1 0 0 0 1
0.970632  0.214757  -0.108411 -0.0186564 0.975359  -0.145394  -0.165939 -0.092112
0.170437  -0.931918  -0.320124 -0.00540785 -0.191386  -0.931761  -0.308535 -0.0262514
-0.169779  0.292246  -0.941152 0.849595 -0.109756  0.332691  -0.936627 0.491547
0 0 0 1 0 0 0 1
0.9676  -0.245122  -0.0605461 -0.0132169 0.98231  0.137868  -0.126724 -0.0215402
-0.21314  -0.921529  0.324586 0.056494 0.174162  -0.92127  0.347749 0.0150632
-0.135358  -0.301165  -0.943916 0.743571 -0.0688037  -0.363668  -0.928984 0.499305
0 0 0 1 0 0 0 1
0.974591  0.21624  -0.0584248 -0.0080569 0.965685  -0.216154  -0.14398 0.0124888
0.17617  -0.901068  -0.396284 0.0558262 -0.253978  -0.901848  -0.349521 -0.0261757
-0.138337  0.375922  -0.916267 0.695144 -0.0542972  0.374095  -0.9258 0.499346
0 0 0 1 0 0 0 1
0.993371  -0.0409131  -0.107427 0.0131783 0.993974  -0.0332346  -0.104456 0.0103366
-0.0424114  -0.999032  -0.0116989 0.116731 -0.0300568  -0.999041  0.0318519 0.0409781
-0.106844  0.0161774  -0.994144 0.72072 -0.105414  -0.0285203  -0.994019 0.510596
0 0 0 1 0 0 0 1
0.992485  -0.0381531  -0.116264 0.071676 0.992206  0.0439131  -0.116611 0.0983462
-0.029432  -0.996687  0.0758256 0.00513687 0.0516034  -0.99663  0.0637683 0.0282825
-0.118772  -0.0718339  -0.99032 0.66338 -0.113418  -0.0692889  -0.991128 0.51559
0 0 0 1 0 0 0 1
0.999261  -0.0357115  0.0142354 -0.154877 0.99873  -0.0484039  0.0139654 -0.0897998
-0.0351675  -0.998704  -0.0367924 0.0553099 -0.0485822  -0.998738  0.012727 -0.0326037
0.0155308  0.0362646  -0.999222 0.619878 0.0133317  -0.0133893  -0.999821 0.51229
0 0 0 1 0 0 0 1
0.995841  0.0910875  0.00195727 -0.154787 0.996804  -0.0792737  -0.00986094 -0.111972
0.0904158  -0.985398  -0.144279 -0.0505716 -0.0798533  -0.985333  -0.150804 -0.0393994
-0.0112134  0.143856  -0.989535 0.668205 0.00223845  0.151109  -0.988515 0.507019
0 0 0 1 0 0 0 1
0.966478  -0.222038  -0.128916 0.045599 0.960903  0.186712  -0.204462 -0.0290006
-0.159813  -0.913232  0.37479 -0.0737241 0.246827  -0.912234  0.326964 0.0183156
-0.200948  -0.341624  -0.918103 0.829188 -0.125468  -0.364648  -0.922654 0.49709
0 0 0 1 0 0 0 1
0.942789  0.331864  0.0318728 -0.0618815 0.967848  -0.224064  -0.114306 0.000689886
0.307632  -0.829113  -0.466835 -0.110042 -0.250932  -0.82857  -0.500504 -0.0512145
-0.128499  0.449932  -0.88377 0.651032 0.0174344  0.513095  -0.858155 0.481368
0 0 0 1 0 0 0 1
0.978533  -0.206088  0.000172295 -0.136006 0.962399  0.253548  -0.0974718 -0.110739
-0.186955  -0.887335  0.421525 -0.052716 0.271522  -0.887405  0.372543 0.0365674
-0.0867184  -0.412509  -0.906817 0.708073 0.00796065  -0.385001  -0.922882 0.491104
0 0 0 1 0 0 0 1
0.958841  -0.259376  -0.115536 0.0506706 0.985578  0.060694  -0.15796 -0.0153972
-0.223457  -0.940341  0.256567 0.15936 0.109536  -0.940337  0.322131 0.0396574
-0.17519  -0.22019  -0.959596 0.812316 -0.128984  -0.334788  -0.933424 0.497524
0 0 0 1 0 0 0 1
0.977179  -0.143382  -0.156724 0.0463762 0.98584  0.00805696  -0.167492 -0.0612578
-0.125827  -0.985157  0.116757 0.0831031 0.0363446  -0.985368  0.16652 -0.0121739
-0.171138  -0.0943725  -0.980717 0.872362 -0.1637  -0.17025  -0.971708 0.506141
0 0 0 1 0 0 0 1
0.995767  0.0919026  0.00140089 -0.0706399 0.995271  -0.0961612  -0.0137368 0.0482143
0.0908963  -0.982373  -0.163342 -0.0366664 -0.0971173  -0.982191  -0.160837 -0.0426393
-0.0136353  0.162778  -0.986569 0.535486 0.00197417  0.161411  -0.986885 0.508677
0 0 0 1 0 0 0 1
0.998361  0.017782  -0.0544055 -0.0265127 0.993473  -0.0982968  -0.0578637 0.0361685
0.0108199  -0.992012  -0.125682 0.0697627 -0.102433  -0.992022  -0.0734812 -0.0267516
-0.0562057  0.124887  -0.990578 0.618018 -0.0501791  0.0789288  -0.995617 0.513376
0 0 0 1 0 0 0 1
0.977119  -0.168613  -0.129645 0.0369017 0.979608  0.113963  -0.165469 -0.0262651
-0.132353  -0.959171  0.249946 0.0048976 0.15188  -0.95918  0.238548 0.0255466
-0.166496  -0.227069  -0.959541 0.814432 -0.131529  -0.258815  -0.95693 0.503679
0 0 0 1 0 0 0 1
0.998877  0.0441983  -0.0170592 -0.132191 0.99974  0.00755605  -0.0215059 -0.108535
0.0439359  -0.998915  -0.0154658 -0.100598 0.00655823  -0.998915  -0.0460959 -0.0477732
-0.0177242  0.0146989  -0.999735 0.695216 -0.0218308  0.0459429  -0.998705 0.511679
0 0 0 1 0 0 0 1
0.991155  -0.132645  0.00420434 -0.0957173 0.992909  0.117013  -0.0209795 -0.00899185
-0.130445  -0.967902  0.214825 0.0351129 0.11876  -0.968486  0.218931 0.0227861
-0.0244261  -0.213473  -0.976644 0.589839 0.00529937  -0.219871  -0.975515 0.50958
0 0 0 1 0 0 0 1
0.986675  0.162304  -0.0113592 -0.13779 0.972303  -0.221387  -0.0749343 -0.118688
0.147736  -0.922981  -0.355358 0.0550832 -0.233721  -0.922844  -0.30616 -0.035351
-0.0681606  0.348945  -0.934661 0.712857 -0.00137286  0.315194  -0.949026 0.498654
0 0 0 1 0 0 0 1
0.973346  -0.207032  -0.0986656 0.0672797 0.98964  0.0603471  -0.130271 0.0597979
-0.182808  -0.96017  0.211317 0.0989742 0.0933105  -0.959952  0.264168 0.00457164
-0.138485  -0.187648  -0.972425 0.714181 -0.109112  -0.273587  -0.955638 0.513285
0 0 0 1 0 0 0 1
0.998955  -0.0453682  0.00561637 -0.0514726 0.997107  0.0760068  0.00123364 0.101705
-0.0457125  -0.992506  0.113326 0.0097912 0.0755242  -0.992358  0.0975749 0.0415832
0.000432879  -0.113464  -0.993542 0.471771 0.00864057  -0.0971994  -0.995227 0.512061
0 0 0 1 0 0 0 1
