0.962064  0.252919  0.102298 0.0597286 0.954827  -0.294915  -0.0364676 -0.259387
0.270542  -0.836014  -0.477376 -0.228381 -0.276217  -0.835564  -0.474907 -0.240471
-0.0352149  0.486942  -0.872724 0.915305 0.109586  0.463527  -0.87928 0.880398
0 0 0 1 0 0 0 1
0.997839  0.0597802  -0.027266 0.231404 0.984962  -0.17045  -0.0282096 -0.254041
0.0519642  -0.971965  -0.229312 0.250415 -0.172759  -0.973392  -0.150539 0.122564
-0.0402099  0.2274  -0.972971 1.06998 -0.00179968  0.153149  -0.988202 1.01268
0 0 0 1 0 0 0 1
0.978569  0.154182  0.136491 0.0366616 0.92806  -0.372414  0.00346545 -0.4221
0.202738  -0.837431  -0.507551 -0.00522973 -0.334228  -0.836933  -0.4334 -0.13678
0.0360464  0.524345  -0.850742 0.971538 0.164304  0.401063  -0.901195 1.0257
0 0 0 1 0 0 0 1
0.966492  0.251446  0.051661 0.189621 0.901666  -0.405931  -0.149059 -0.234066
0.229759  -0.757614  -0.610927 0.105795 -0.422964  -0.75613  -0.499368 -0.103279
-0.114476  0.602325  -0.79 0.980994 0.0900007  0.51331  -0.853471 0.978701
0 0 0 1 0 0 0 1
0.948626  -0.315991  -0.016081 0.292484 0.930194  0.315557  -0.187517 -0.129282
-0.249849  -0.779308  0.574677 -0.160999 0.366732  -0.777055  0.511559 -0.0319703
-0.194125  -0.541136  -0.818222 1.02316 0.0157147  -0.544618  -0.838537 0.936199
0 0 0 1 0 0 0 1
0.976297  0.214635  -0.0278519 0.236976 0.988244  -0.12627  -0.0862016 -0.145558
0.19708  -0.934789  -0.295516 -0.24442 -0.147076  -0.939141  -0.310455 -0.193823
-0.0894638  0.283022  -0.954932 0.99591 -0.0417544  0.319483  -0.946671 0.907025
0 0 0 1 0 0 0 1
0.942417  -0.328732  0.0615244 0.0770556 0.907104  0.369407  -0.201746 -0.240398
-0.291198  -0.716085  0.634371 -0.131909 0.415255  -0.707139  0.572291 0.00454944
-0.164482  -0.615758  -0.770577 0.992145 0.0687461  -0.602904  -0.794847 0.802361
0 0 0 1 0 0 0 1
0.863917  -0.38362  0.326317 0.0438738 0.83372  0.521797  -0.180662 -0.294439
-0.477162  -0.416165  0.77403 -0.115611 0.429912  -0.408055  0.805399 -0.169227
-0.161131  -0.824404  -0.542581 0.865912 0.346535  -0.749146  -0.56453 0.944543
0 0 0 1 0 0 0 1
0.949183  -0.29751  -0.102663 0.247517 0.896418  0.333578  -0.291821 -0.120164
-0.178128  -0.776757  0.604085 -0.18981 0.436935  -0.775528  0.45568 0.0909109
-0.259465  -0.5551  -0.790279 1.02503 -0.0743107  -0.535987  -0.84095 0.773851
0 0 0 1 0 0 0 1
0.880887  -0.421498  0.215353 0.112357 0.840518  0.476245  -0.258305 -0.148586
-0.407587  -0.444167  0.797865 -0.0658564 0.484217  -0.446469  0.752462 0.0140501
-0.240646  -0.790604  -0.563058 0.843541 0.243031  -0.757533  -0.60587 0.852042
0 0 0 1 0 0 0 1
0.969422  -0.210717  0.125773 0.0365352 0.91533  0.392481  -0.0901664 -0.375836
-0.244453  -0.784251  0.570257 -0.179691 0.383871  -0.782699  0.489923 -0.0215974
-0.0215257  -0.583565  -0.811781 1.01454 0.121712  -0.483054  -0.86709 0.925963
0 0 0 1 0 0 0 1
0.832971  0.464757  0.300267 0.187912 0.953727  -0.300668  -0.0019243 -0.149291
0.549054  -0.627031  -0.552605 -0.188569 -0.201852  -0.63551  -0.74524 0.175298
-0.0685504  0.625166  -0.777475 0.824935 0.222847  0.711144  -0.666793 0.931575
0 0 0 1 0 0 0 1
0.970263  -0.220251  0.100393 0.08376 0.897519  0.430803  -0.0941773 -0.332292
-0.234658  -0.754168  0.613324 -0.0876408 0.414083  -0.749898  0.515934 0.102208
-0.0593722  -0.618644  -0.783425 0.974719 0.151642  -0.502058  -0.851436 0.973137
0 0 0 1 0 0 0 1
0.959467  0.266489  0.09169 0.140215 0.94431  -0.322266  -0.066505 -0.262818
0.273934  -0.805437  -0.525577 -0.000392835 -0.312139  -0.813303  -0.491028 -0.0391303
-0.0662103  0.529391  -0.84579 0.974213 0.104153  0.484441  -0.868602 0.975929
0 0 0 1 0 0 0 1
0.889534  -0.446666  0.0960187 0.120936 0.946237  0.27605  -0.16862 -0.0953939
-0.408522  -0.683541  0.604882 0.153891 0.317093  -0.688531  0.652209 0.0571379
-0.204547  -0.577288  -0.790505 0.880185 0.0639425  -0.670612  -0.739047 0.726063
0 0 0 1 0 0 0 1
0.97421  0.168907  -0.149615 0.35306 0.953944  -0.226827  -0.196316 -0.118532
0.0986741  -0.915211  -0.390708 0.251993 -0.278323  -0.913386  -0.297091 0.0697713
-0.202922  0.365868  -0.908275 1.08197 -0.111924  0.338047  -0.93445 0.937964
0 0 0 1 0 0 0 1
0.961268  0.27381  0.0314855 0.179708 0.930288  -0.328925  -0.162397 -0.146856
0.244309  -0.793624  -0.557203 -0.0921618 -0.365635  -0.795736  -0.48282 -0.219536
-0.12758  0.543313  -0.829779 0.937013 0.0295869  0.50854  -0.86053 0.865767
0 0 0 1 0 0 0 1
0.959173  -0.276069  -0.0614299 0.24924 0.967756  0.182922  -0.173169 -0.0870637
-0.228688  -0.884861  0.40586 0.171229 0.239099  -0.883386  0.403065 0.183001
-0.166402  -0.375241  -0.911868 0.98718 -0.0792459  -0.431474  -0.898638 0.814483
0 0 0 1 0 0 0 1
0.958977  -0.22928  0.166714 0.0507019 0.943824  0.330113  0.0149145 -0.362261
-0.282128  -0.829351  0.482267 0.0750972 0.282285  -0.8289  0.482949 0.0824031
0.0276908  -0.509518  -0.860015 0.958651 0.171791  -0.451609  -0.875521 0.989372
0 0 0 1 0 0 0 1
0.952527  0.280244  0.118974 0.00351006 0.86567  -0.468786  -0.175656 -0.312978
0.278198  -0.642426  -0.714069 0.0546034 -0.473354  -0.65228  -0.592002 -0.155698
-0.123682  0.713269  -0.689891 0.92952 0.162945  0.595626  -0.786561 0.843476
0 0 0 1 0 0 0 1
0.919957  0.381096  0.0918981 0.230273 0.897925  -0.380861  -0.220627 -0.0459734
0.335973  -0.645673  -0.685732 -0.0912403 -0.428678  -0.643029  -0.634625 -0.183215
-0.201994  0.661719  -0.72203 0.851486 0.0998345  0.664424  -0.740658 0.873639
0 0 0 1 0 0 0 1
0.837804  0.425028  0.342689 0.197208 0.911776  -0.408868  -0.0386289 -0.162736
0.539009  -0.543986  -0.643077 -0.0554767 -0.280731  -0.551839  -0.785279 0.217914
-0.0869081  0.723485  -0.684847 0.813498 0.299759  0.726843  -0.617935 1.00905
0 0 0 1 0 0 0 1
0.913083  -0.397653  0.0902877 0.191422 0.988546  0.150479  -0.0115402 -0.194747
-0.401539  -0.838233  0.36896 0.196134 0.133275  -0.834532  0.534597 -0.084964
-0.0710361  -0.373145  -0.925049 0.96886 0.0708148  -0.530012  -0.845028 0.913483
0 0 0 1 0 0 0 1
0.998722  -0.0478883  0.0161839 0.209719 0.999221  -0.0250109  -0.0305371 -0.26637
-0.0475212  -0.99862  -0.022349 0.188901 -0.0236701  -0.998773  0.0435045 0.106128
0.0172318  0.0215514  -0.999619 1.04877 -0.0315877  -0.0427478  -0.998586 1.01833
0 0 0 1 0 0 0 1
0.998183  -0.0596983  -0.00822439 0.295447 0.999367  -0.0185483  0.0303552 -0.221851
-0.0597096  -0.998215  -0.00113382 0.190429 -0.0207791  -0.996974  0.0749058 0.106392
-0.00814202  0.00162283  -0.999966 1.05242 0.028874  -0.0754892  -0.996728 1.08635
0 0 0 1 0 0 0 1
0.998763  -0.0495003  0.00476039 0.0844608 0.999508  -0.0296322  -0.0102865 -0.327041
-0.0492555  -0.99789  -0.0422927 0.187947 -0.029268  -0.998996  0.0339146 0.105599
0.00684385  0.0420059  -0.999094 1.05123 -0.0112812  -0.0335969  -0.999372 0.906397
0 0 0 1 0 0 0 1
0.998517  -0.0534156  -0.0105594 0.251456 0.999626  -0.0250753  0.0109566 -0.244862
-0.0534775  -0.998553  -0.00566802 0.230117 -0.025311  -0.999439  0.0219396 0.149169
-0.0102414  0.0062243  -0.999928 1.04764 0.0104004  -0.0222087  -0.999699 1.06043
0 0 0 1 0 0 0 1
0.998498  0.046938  -0.0282522 0.274236 0.999662  0.0209583  -0.01539 -0.231014
0.047527  -0.998659  0.0205474 -0.0845369 0.0196478  -0.996532  -0.0808625 -0.00166414
-0.0272498  -0.0218593  -0.99939 1.05806 -0.0170314  0.0805327  -0.996606 1.06499
0 0 0 1 0 0 0 1
0.998809  -0.048777  -0.00140863 0.169198 0.999718  -0.0227623  0.00673864 -0.285542
-0.0487971  -0.998476  -0.0257839 0.146945 -0.0231365  -0.997811  0.0619572 0.0652708
-0.000148818  0.0258219  -0.999667 1.05299 0.00531359  -0.0620956  -0.998056 0.984658
0 0 0 1 0 0 0 1
0.998251  -0.0576268  -0.0131728 0.0836358 0.999543  -0.0258509  -0.015662 -0.32582
-0.0568286  -0.996893  0.0545426 0.105046 -0.0251357  -0.998704  0.0442599 0.0219811
-0.0162749  -0.0536987  -0.998425 1.05105 -0.0167859  -0.043846  -0.998897 0.902639
0 0 0 1 0 0 0 1
0.998262  0.0570851  0.0146223 0.105214 0.999484  0.0282644  -0.0152867 -0.316683
0.0570412  -0.998366  0.00340269 0.0832592 0.0273127  -0.99787  -0.0592389 0.167065
0.0147927  -0.00256271  -0.999887 1.04856 -0.0169285  0.0587908  -0.998127 0.92535
0 0 0 1 0 0 0 1
0.998533  0.0520543  0.0149094 0.147908 0.999299  0.0254555  0.0274388 -0.296828
0.0521795  -0.998605  -0.00813129 0.127126 0.0270215  -0.997933  -0.0583005 0.209208
0.0144653  0.00889733  -0.999856 1.05711 0.025898  0.0590011  -0.997922 0.964145
0 0 0 1 0 0 0 1
0.998459  0.0535381  0.0146166 0.189688 0.999713  0.0229998  -0.00670148 -0.273957
0.0538156  -0.998364  -0.0192955 -0.00107737 0.0225798  -0.998109  -0.0571637 0.0837162
0.0135596  0.0200524  -0.999707 1.0557 -0.00800357  0.056996  -0.998342 0.999261
0 0 0 1 0 0 0 1
0.99845  -0.0552419  0.00673588 0.208273 0.999508  -0.0246013  -0.0194655 -0.266294
-0.0554284  -0.99796  0.031663 0.104993 -0.0233135  -0.997689  0.063827 0.0224835
0.00497302  -0.0319873  -0.999476 1.04914 -0.0209908  -0.0633418  -0.997771 1.02357
0 0 0 1 0 0 0 1
0.998836  0.045141  -0.0170024 0.188458 0.999682  0.0238946  0.00810584 -0.275513
0.0456629  -0.998455  0.0316716 0.168456 0.0242389  -0.998673  -0.0454367 0.250923
-0.0155465  -0.0324111  -0.999354 1.05109 0.00700939  0.0456188  -0.998934 0.999121
0 0 0 1 0 0 0 1
0.998545  0.0539164  0.00099103 0.188832 0.999392  0.0299254  0.0178679 -0.276708
0.0539199  -0.998538  -0.00392779 0.0841144 0.030539  -0.998916  -0.0351201 0.167384
0.000777808  0.00397551  -0.999992 1.05038 0.0167975  0.0356445  -0.999223 1.00448
0 0 0 1 0 0 0 1
0.998634  0.0522355  -0.000865683 0.273038 0.999487  0.0306578  0.00922753 -0.233299
0.0522398  -0.998617  0.0059838 -0.209379 0.0307991  -0.999404  -0.0155828 -0.124956
-0.000551919  -0.00602086  -0.999982 1.05109 0.00874429  0.015859  -0.999836 1.0733
0 0 0 1 0 0 0 1
0.998557  -0.0529819  0.00872799 0.0840074 0.999617  -0.0276543  0.000563098 -0.327593
-0.0530071  -0.998591  0.00267965 -0.0634311 -0.0276598  -0.999318  0.0244799 -0.146244
0.00857372  -0.00313842  -0.999958 1.05023 -0.000114261  -0.0244861  -0.9997 0.908121
0 0 0 1 0 0 0 1
0.998607  -0.0494594  -0.0183742 0.125842 0.999587  -0.0286277  -0.00257186 -0.305237
-0.0497779  -0.99861  -0.0173003 -0.0216891 -0.0284584  -0.998279  0.0512745 -0.103682
-0.0174931  0.0181908  -0.999681 1.05526 -0.00403531  -0.0511801  -0.998681 0.942834
0 0 0 1 0 0 0 1
0.998786  0.0491657  0.00318906 0.0635916 0.999647  0.0239412  -0.0115152 -0.336589
0.0491043  -0.998647  0.0170971 0.0425063 0.0232922  -0.998295  -0.053526 0.124225
0.00402534  -0.0169197  -0.999849 1.05485 -0.012777  0.0532389  -0.9985 0.88673
0 0 0 1 0 0 0 1
0.99876  0.0494021  -0.0061488 0.147733 0.999406  0.0316409  0.0136703 -0.29745
0.04935  -0.998747  -0.0083495 0.0423529 0.0321457  -0.998744  -0.0384319 0.125033
-0.00655358  0.0080357  -0.999946 1.05438 0.0124371  0.0388485  -0.999168 0.968715
0 0 0 1 0 0 0 1
0.998477  0.05266  -0.0164219 0.147606 0.999572  0.0289657  0.00417959 -0.296626
0.0528317  -0.998551  0.0102014 -0.0410027 0.0291241  -0.99857  -0.0448341 0.0423203
-0.0158609  -0.0110535  -0.999813 1.05301 0.00287496  0.0449366  -0.998986 0.963717
0 0 0 1 0 0 0 1
0.997244  -0.0559054  0.0487839 0.125388 0.999362  -0.0356416  -0.0024528 -0.30511
-0.0547905  -0.998212  -0.0239008 -0.104641 -0.0355931  -0.999212  0.0175652 -0.186933
0.0500329  0.021162  -0.998523 1.04061 -0.00307692  -0.0174667  -0.999843 0.938464
0 0 0 1 0 0 0 1
0.998356  0.0554327  0.0145986 0.105475 0.999557  0.0293458  -0.00500916 -0.317877
0.0553211  -0.998437  0.00794182 -4.6741e-05 0.0291548  -0.998973  -0.0346953 0.0829348
0.015016  -0.00712114  -0.999862 1.05123 -0.00602218  0.0345339  -0.999385 0.927123
0 0 0 1 0 0 0 1
0.998231  0.0541606  0.024525 0.0629616 0.999654  0.0235814  -0.0116339 -0.339235
0.0540142  -0.998518  0.00659324 -0.041453 0.0228803  -0.998106  -0.0571042 0.0399682
0.0248458  -0.00525688  -0.999677 1.04768 -0.0129584  0.0568183  -0.9983 0.891041
0 0 0 1 0 0 0 1
0.998427  0.0543244  0.0138986 0.231097 0.999603  0.0266453  -0.00916139 -0.255368
0.0543699  -0.998517  -0.00292206 -0.127103 0.0262256  -0.998721  -0.0432349 -0.0428315
0.0137193  0.00367313  -0.999899 1.04867 -0.0103017  0.0429775  -0.999023 1.03791
0 0 0 1 0 0 0 1
0.998307  0.0531595  0.0236089 0.188778 0.999519  0.0272166  -0.0148615 -0.274363
0.0538574  -0.998098  -0.029984 -0.0851835 0.0264354  -0.998377  -0.0504489 -0.000162987
0.02197  0.0312047  -0.999272 1.0509 -0.0162105  0.0500318  -0.998616 0.990621
0 0 0 1 0 0 0 1
0.998235  -0.0512412  -0.0300049 0.0838251 0.999693  -0.0245946  0.00314483 -0.327296
-0.0514735  -0.99865  -0.00702004 0.0210211 -0.0247327  -0.998108  0.0562936 -0.0615435
-0.0296047  0.00855211  -0.999525 1.05226 0.00175436  -0.0563541  -0.998409 0.906417
0 0 0 1 0 0 0 1
0.997644  0.0580998  -0.0364746 0.104254 0.999591  0.028598  -0.000847611 -0.318492
0.0567831  -0.997732  -0.0361533 -0.0846828 0.0285122  -0.998172  -0.0532948 -0.000437721
-0.0384924  0.033997  -0.99868 1.04991 -0.00237019  0.0532488  -0.998578 0.9268
0 0 0 1 0 0 0 1
0.99878  -0.0477418  0.0125901 0.335419 0.998558  -0.0244871  -0.0477726 -0.202806
-0.04787  -0.998803  0.0100905 -0.0203648 -0.023746  -0.99959  0.0160209 -0.104686
0.0120933  -0.0106809  -0.99987 1.04475 -0.0481453  -0.0148634  -0.99873 1.12639
0 0 0 1 0 0 0 1
0.998599  0.048782  0.0204938 0.0633017 0.999694  0.0191734  0.0156528 -0.338487
0.0485954  -0.998773  0.00950493 -0.210129 0.0202183  -0.997372  -0.0695777 -0.128182
0.0209323  -0.00849571  -0.999745 1.05147 0.0142776  0.0698728  -0.997454 0.892176
0 0 0 1 0 0 0 1
0.998339  0.0576053  -0.000189143 0.22943 0.999695  0.0246861  -0.000468558 -0.254437
0.057566  -0.997769  -0.0338009 0.0410029 0.0245814  -0.99688  -0.0750014 0.124467
-0.00213583  0.0337339  -0.999429 1.04796 -0.00231859  0.074967  -0.997183 1.03366
0 0 0 1 0 0 0 1
0.998583  0.0520504  0.0110582 0.0633259 0.999513  0.0288557  -0.0119152 -0.339053
0.0517499  -0.998324  0.025917 -0.125457 0.0283694  -0.998831  -0.0391467 -0.0427766
0.0123887  -0.025308  -0.999603 1.05593 -0.0130309  0.0387896  -0.999162 0.888694
0 0 0 1 0 0 0 1
0.998442  -0.0554097  0.0065573 0.335545 0.999319  -0.0298219  -0.0217212 -0.200569
-0.0555005  -0.998352  0.0145909 0.104874 -0.0295054  -0.999456  0.0147494 0.0212042
0.00573802  -0.0149321  -0.999872 1.04952 -0.0221492  -0.0140984  -0.999655 1.12866
0 0 0 1 0 0 0 1
0.99852  0.0541553  0.00493738 0.145551 0.999567  0.0215927  0.0199927 -0.296944
0.0541929  -0.9985  -0.00783 -0.125757 0.022684  -0.998169  -0.0560694 -0.043096
0.00450593  0.00808598  -0.999957 1.0493 0.0187454  0.0564986  -0.998227 0.966159
0 0 0 1 0 0 0 1
0.998522  0.0543539  -0.000301994 0.231585 0.999454  0.0219612  -0.0246762 -0.252049
0.054353  -0.998519  -0.00231518 -0.0415445 0.0210388  -0.999092  -0.0370379 0.0411427
-0.000427386  0.00229535  -0.999997 1.053 -0.0254672  0.0364985  -0.999009 1.02632
0 0 0 1 0 0 0 1
0.998702  -0.0509061  -0.0016324 0.167358 0.999663  -0.0195995  -0.0170077 -0.285555
-0.0509271  -0.998544  -0.0177573 0.0617958 -0.0185064  -0.997892  0.0622073 -0.0189825
-0.000726071  0.0178174  -0.999841 1.04745 -0.018191  -0.0618716  -0.997918 0.979637
0 0 0 1 0 0 0 1
0.998296  0.0555728  -0.0177906 0.315534 0.999387  0.0212752  -0.0277984 -0.21257
0.0553517  -0.998386  -0.0126888 -0.126028 0.0187937  -0.99606  -0.086667 -0.0444602
-0.0184671  0.0116825  -0.999761 1.05098 -0.0295327  0.0860914  -0.995849 1.10495
0 0 0 1 0 0 0 1
0.998704  -0.0494027  -0.0122639 0.252801 0.999447  -0.0283306  -0.0174065 -0.242429
-0.0493838  -0.998778  0.00183827 0.0212863 -0.0274794  -0.998501  0.047334 -0.0630434
-0.0123397  -0.00123025  -0.999923 1.05547 -0.0187214  -0.0468295  -0.998727 1.04964
0 0 0 1 0 0 0 1
0.997832  0.0597724  0.0275462 0.313406 0.998991  0.0270345  0.0358647 -0.213323
0.0604305  -0.997891  -0.0237144 -0.0410714 0.0277818  -0.999404  -0.0205049 0.0420585
0.0260707  0.0253276  -0.999339 1.0421 0.035289  0.0214806  -0.999146 1.11408
0 0 0 1 0 0 0 1
0.998287  0.0568294  -0.0139006 0.232534 0.99974  0.0222511  0.00503401 -0.255243
0.0560047  -0.996976  -0.0538691 0.125906 0.0225488  -0.997299  -0.0698997 0.209081
-0.0169199  0.0529983  -0.998451 1.05896 0.00346507  0.069995  -0.997541 1.0399
0 0 0 1 0 0 0 1
0.998527  0.0532013  -0.0106355 0.103338 0.999588  0.0264422  -0.0111361 -0.317706
0.0534441  -0.998282  0.0240284 -0.251474 0.0258213  -0.99828  -0.0526309 -0.168801
-0.00933886  -0.0245614  -0.999655 1.04854 -0.0125087  0.0523217  -0.998552 0.922426
0 0 0 1 0 0 0 1
0.99845  -0.0512962  0.0216039 0.293417 0.999788  -0.0194737  -0.00669594 -0.222338
-0.0516727  -0.998515  0.0172467 -0.0632765 -0.0189343  -0.99716  0.0728877 -0.145185
0.0206871  -0.0183363  -0.999618 1.04736 -0.00809632  -0.0727454  -0.997318 1.08596
0 0 0 1 0 0 0 1
0.998818  0.0483054  -0.00544864 0.274716 0.999594  0.0261651  -0.011275 -0.23386
0.0483363  -0.998815  0.00569437 0.000321809 0.0256433  -0.998695  -0.0441689 0.083957
-0.00516711  -0.005951  -0.999969 1.05546 -0.012416  0.0438618  -0.99896 1.0742
0 0 0 1 0 0 0 1
0.998321  -0.0516513  -0.0262069 0.294446 0.999179  -0.027165  -0.0300507 -0.222872
-0.0518317  -0.998636  -0.00625418 0.062913 -0.0258347  -0.998706  0.0438045 -0.0192835
-0.0258481  0.00760203  -0.999637 1.0518 -0.0312017  -0.0429922  -0.998588 1.08546
0 0 0 1 0 0 0 1
0.998347  -0.057018  -0.00716598 0.126962 0.999559  -0.0267481  0.0129341 -0.306717
-0.0570993  -0.9983  -0.01171 0.233002 -0.0274233  -0.998098  0.0552033 0.147464
-0.00648611  0.0120998  -0.999906 1.05788 0.0114329  -0.0555336  -0.998391 0.946339
0 0 0 1 0 0 0 1
0.961118  0.23588  0.143568 -0.0162737 0.938085  -0.346308  -0.00817443 -0.338238
0.276062  -0.808731  -0.519369 -0.22595 -0.305966  -0.817279  -0.488303 -0.255151
-0.00640081  0.538809  -0.842404 0.904304 0.162422  0.460571  -0.872636 0.888063
0 0 0 1 0 0 0 1
0.940592  0.339308  -0.012504 0.258493 0.857431  -0.415278  -0.303903 -0.0966698
0.228564  -0.659974  -0.715676 0.0852247 -0.513397  -0.649963  -0.560332 -0.223604
-0.251087  0.670302  -0.69832 0.943261 0.0351673  0.636468  -0.770501 0.858588
0 0 0 1 0 0 0 1
0.970781  -0.164375  0.17483 0.0189414 0.960438  0.26087  0.0974991 -0.429549
-0.217908  -0.908974  0.355362 0.224793 0.206086  -0.901222  0.381218 0.213542
0.100504  -0.383075  -0.918233 0.96541 0.187317  -0.346043  -0.919329 1.02663
0 0 0 1 0 0 0 1
0.985648  0.132834  0.104178 0.168656 0.952723  -0.303562  0.0130305 -0.322225
0.164491  -0.894475  -0.415762 0.0358401 -0.283115  -0.902484  -0.324604 -0.0886262
0.0379578  0.426931  -0.903487 1.00362 0.110297  0.305568  -0.94576 1.08208
0 0 0 1 0 0 0 1
0.881639  0.411707  0.230675 0.135748 0.946026  -0.321847  -0.0380697 -0.204863
0.465706  -0.679907  -0.566431 -0.135392 -0.258465  -0.678373  -0.687754 0.0864401
-0.076366  0.606814  -0.791167 0.879321 0.195526  0.660473  -0.724945 0.930127
0 0 0 1 0 0 0 1
0.906608  0.421913  0.00715334 0.265991 0.975522  -0.155163  -0.155827 -0.033954
0.374195  -0.796006  -0.475766 -0.191525 -0.216495  -0.801938  -0.556799 -0.0271071
-0.195038  0.43401  -0.879543 0.938417 -0.0385688  0.576906  -0.8159 0.777051
0 0 0 1 0 0 0 1
0.896468  0.437228  0.0719569 0.215069 0.97144  -0.209078  -0.112206 -0.0659993
0.410036  -0.756985  -0.508768 -0.2188 -0.233024  -0.751385  -0.617349 -0.0361109
-0.167977  0.485599  -0.857891 0.894253 0.0447646  0.625865  -0.778646 0.80675
0 0 0 1 0 0 0 1
0.902548  0.3988  0.162378 0.25819 0.963084  -0.265266  -0.0458643 -0.0973003
0.42228  -0.74605  -0.514868 -0.204015 -0.232865  -0.735424  -0.636338 -0.00842627
-0.0841877  0.533262  -0.841751 0.87044 0.135069  0.623527  -0.770046 0.971661
0 0 0 1 0 0 0 1
0.921346  -0.362821  0.139583 0.156128 0.902643  0.401121  -0.156005 -0.209416
-0.356613  -0.645892  0.675019 -0.111883 0.399826  -0.647362  0.648893 -0.0692006
-0.154755  -0.671703  -0.724476 0.952541 0.159293  -0.648094  -0.744715 0.934871
0 0 0 1 0 0 0 1
0.876475  -0.461942  0.135653 0.234493 0.914704  0.344641  -0.211042 -0.0582961
-0.417529  -0.589025  0.691895 -0.0296934 0.385727  -0.588789  0.710311 -0.058682
-0.239712  -0.663068  -0.70914 0.902625 0.120543  -0.731129  -0.671505 0.841166
0 0 0 1 0 0 0 1
0.980556  -0.14195  0.135501 0.0475987 0.92391  0.382453  0.0109874 -0.418725
-0.19187  -0.838394  0.510178 -0.0643296 0.344705  -0.844495  0.409886 0.101589
0.0411831  -0.526256  -0.849328 0.996225 0.166041  -0.37491  -0.912071 1.02334
0 0 0 1 0 0 0 1
0.923541  0.353213  0.149374 0.114238 0.949951  -0.305583  -0.0649079 -0.183383
0.375012  -0.750288  -0.544458 -0.216503 -0.282303  -0.750719  -0.597265 -0.119981
-0.0802364  0.558846  -0.825381 0.87449 0.133786  0.585696  -0.799413 0.882252
0 0 0 1 0 0 0 1
0.915687  -0.344458  0.20704 0.0722201 0.947552  0.319583  0.00354603 -0.305552
-0.400944  -0.747626  0.529433 0.102146 0.250136  -0.748459  0.6142 -0.0640745
-0.0275788  -0.567807  -0.8227 0.922907 0.198942  -0.581099  -0.789143 0.955003
0 0 0 1 0 0 0 1
0.891249  -0.321202  0.320164 -0.000190905 0.887371  0.461031  0.00472236 -0.411514
-0.453505  -0.635815  0.624557 0.00457858 0.317371  -0.618226  0.719077 -0.134132
0.00295593  -0.701832  -0.712337 0.907739 0.334437  -0.636589  -0.694914 1.00127
0 0 0 1 0 0 0 1
0.866439  -0.444468  0.227446 0.0837544 0.914048  0.379215  -0.143917 -0.152028
-0.467703  -0.563088  0.681312 0.0794468 0.35269  -0.567854  0.743742 -0.0415682
-0.17475  -0.696693  -0.69576 0.843425 0.200314  -0.730574  -0.652791 0.805685
0 0 0 1 0 0 0 1
0.849205  -0.502726  0.161608 0.174791 0.955543  0.26682  -0.125481 -0.0847254
-0.489608  -0.634935  0.597613 0.125636 0.272826  -0.638702  0.719462 -0.110019
-0.197825  -0.586621  -0.785329 0.87621 0.111822  -0.721711  -0.683102 0.784838
0 0 0 1 0 0 0 1
0.958987  -0.168504  0.227926 0.0640056 0.963323  0.220547  0.152866 -0.495548
-0.237342  -0.916964  0.320696 0.00959994 0.155786  -0.923472  0.350613 -0.0745322
0.154962  -0.36164  -0.919349 1.0055 0.218494  -0.313939  -0.92396 1.14536
0 0 0 1 0 0 0 1
0.988523  -0.113383  -0.0998333 0.259393 0.991678  0.0557679  -0.116034 -0.140406
-0.0965675  -0.982447  0.159599 0.176268 0.0741113  -0.984278  0.160328 0.154375
-0.116177  -0.148127  -0.982121 1.03773 -0.105268  -0.167593  -0.98022 0.882603
0 0 0 1 0 0 0 1
0.922326  -0.358036  0.145346 0.0378877 0.818302  0.509627  -0.265824 -0.256354
-0.321868  -0.503714  0.801669 -0.12053 0.533692  -0.50193  0.680617 0.106193
-0.213813  -0.786183  -0.579828 0.893737 0.213435  -0.698818  -0.682714 0.838169
0 0 0 1 0 0 0 1
0.895529  0.418427  0.151482 0.263468 0.973581  -0.218616  -0.0659269 -0.129294
0.4357  -0.755198  -0.489736 -0.0977996 -0.21014  -0.744866  -0.633259 0.140848
-0.0905198  0.504574  -0.85861 0.929336 0.0893338  0.630383  -0.771127 0.966693
0 0 0 1 0 0 0 1
0.936502  -0.306802  0.169815 -0.0244731 0.912988  0.398674  -0.0866674 -0.321186
-0.341933  -0.69158  0.636238 0.0546297 0.365172  -0.703796  0.609361 0.0747619
-0.0777586  -0.653904  -0.752571 0.920109 0.18194  -0.587988  -0.788142 0.840567
0 0 0 1 0 0 0 1
0.945037  -0.272268  0.181039 0.135742 0.971245  0.220224  0.0904663 -0.366183
-0.321535  -0.874357  0.363475 0.0743812 0.159539  -0.884066  0.43929 -0.0923643
0.0593306  -0.401708  -0.913844 0.978208 0.17672  -0.412225  -0.893779 1.10203
0 0 0 1 0 0 0 1
0.964007  -0.0924179  -0.249297 0.35189 0.974066  -0.0990706  -0.20342 -0.0783418
-0.115393  -0.990162  -0.0791468 0.221275 -0.0859132  -0.993658  0.072545 0.011675
-0.23953  0.105065  -0.965187 1.08456 -0.209317  -0.0531871  -0.9764 0.818408
0 0 0 1 0 0 0 1
0.963131  -0.251914  0.0944308 0.0202805 0.951089  0.307305  -0.0315026 -0.372057
-0.265635  -0.834864  0.482121 -0.1083 0.286009  -0.837437  0.465723 -0.0878564
-0.0426162  -0.48943  -0.871001 1.01343 0.116738  -0.451954  -0.88437 0.910884
0 0 0 1 0 0 0 1
0.928568  0.356311  0.103946 0.114457 0.926743  -0.346132  -0.146082 -0.148468
0.341045  -0.708568  -0.617754 -0.121907 -0.360937  -0.712361  -0.601885 -0.145635
-0.14646  0.609077  -0.779471 0.888328 0.104269  0.61052  -0.785108 0.815714
0 0 0 1 0 0 0 1
0.954954  0.283464  -0.0878083 0.227816 0.88197  -0.35998  -0.30421 -0.140302
0.166289  -0.756234  -0.632817 0.183461 -0.467081  -0.753835  -0.462134 -0.133428
-0.245784  0.58971  -0.769306 1.01244 -0.0629655  0.549679  -0.833 0.783652
0 0 0 1 0 0 0 1
0.889202  0.364072  0.277077 0.185034 0.964094  -0.252422  0.0825022 -0.314267
0.454201  -0.775229  -0.439001 -0.0806839 -0.148368  -0.769641  -0.620999 0.237195
0.0549697  0.516209  -0.854697 0.9271 0.220251  0.58646  -0.779458 1.10519
0 0 0 1 0 0 0 1
0.992749  0.0991529  0.0679505 0.179628 0.982223  -0.186551  0.0209092 -0.317257
0.115106  -0.94704  -0.299776 0.125098 -0.177043  -0.957624  -0.227184 0.0483391
0.0346282  0.305424  -0.951587 1.04435 0.0624046  0.219443  -0.973627 1.05958
0 0 0 1 0 0 0 1
0.895206  -0.378935  0.234551 0.115211 0.855884  0.486598  -0.17517 -0.235839
-0.414427  -0.514317  0.750818 -0.120161 0.44256  -0.513868  0.734901 -0.0845138
-0.163878  -0.769341  -0.617461 0.897434 0.267588  -0.706514  -0.65516 0.954933
0 0 0 1 0 0 0 1
0.897051  -0.375944  0.232304 -0.0565356 0.827231  0.508156  -0.239723 -0.287631
-0.397156  -0.45526  0.796873 -0.062544 0.494805  -0.456731  0.7393 0.0451084
-0.193821  -0.807096  -0.5577 0.865 0.266191  -0.730188  -0.62926 0.773531
0 0 0 1 0 0 0 1
0.931849  -0.322849  0.165608 0.0904759 0.877568  0.453808  -0.154703 -0.198734
-0.341589  -0.626629  0.700466 0.0708503 0.436941  -0.624147  0.647706 0.169211
-0.12237  -0.709298  -0.694206 0.851891 0.197377  -0.636002  -0.746018 0.892298
0 0 0 1 0 0 0 1
0.890874  -0.303586  0.337905 0.0261519 0.918823  0.376131  0.119541 -0.450984
-0.444127  -0.738299  0.507609 0.133913 0.215769  -0.732347  0.645842 -0.110878
0.095372  -0.602288  -0.792561 0.899414 0.330467  -0.567621  -0.754054 1.07133
0 0 0 1 0 0 0 1
0.968083  -0.176146  0.17829 0.0587456 0.964192  0.248639  0.0922613 -0.488484
-0.233548  -0.892135  0.386718 -0.204636 0.198691  -0.90767  0.36967 -0.249862
0.0909399  -0.416014  -0.904799 1.04164 0.175657  -0.338102  -0.924571 1.11319
0 0 0 1 0 0 0 1
0.918865  -0.372505  0.130108 0.0977253 0.834722  0.473802  -0.280627 -0.207626
-0.326972  -0.534284  0.779506 -0.135833 0.523923  -0.526417  0.669619 0.0686255
-0.220855  -0.758802  -0.612733 0.908356 0.16954  -0.705972  -0.687648 0.845356
0 0 0 1 0 0 0 1
0.972035  0.226747  -0.0611093 0.338797 0.920292  -0.339516  -0.1944 -0.13775
0.160737  -0.832111  -0.530806 0.199407 -0.391036  -0.813952  -0.42962 -0.0393021
-0.171209  0.506139  -0.845288 1.04363 -0.0123691  0.471393  -0.881837 0.988043
0 0 0 1 0 0 0 1
0.923216  -0.318876  0.214455 0.0399614 0.946817  0.321482  0.013654 -0.328695
-0.384278  -0.7687  0.511303 0.141947 0.252867  -0.769637  0.586274 0.0110017
0.00180912  -0.554453  -0.832213 0.917984 0.198985  -0.551642  -0.809998 0.9454
0 0 0 1 0 0 0 1
0.98053  -0.180455  0.0774407 0.0405432 0.981619  0.190759  0.00593397 -0.361428
-0.195883  -0.926571  0.321086 0.0143264 0.178686  -0.929529  0.322563 -0.00673048
0.0138129  -0.330003  -0.943879 1.02133 0.0670474  -0.315573  -0.94653 0.921779
0 0 0 1 0 0 0 1
0.986689  0.0315509  0.159526 0.106212 0.980984  -0.110491  0.15957 -0.487341
0.0577798  -0.985005  -0.162562 0.252494 -0.090574  -0.987743  -0.127121 0.224036
0.152005  0.169616  -0.973717 1.05254 0.17166  0.11025  -0.978968 1.17882
0 0 0 1 0 0 0 1
0.917384  0.331074  0.220899 0.156969 0.981281  0.0299501  0.190238 -0.456723
0.364264  -0.92206  -0.130829 -0.186769 0.098038  -0.927939  -0.359608 0.292184
0.160368  0.200486  -0.966482 1.0045 0.165759  0.371527  -0.913505 1.14092
0 0 0 1 0 0 0 1
0.922141  -0.320358  0.216855 0.139924 0.979491  0.13889  0.145968 -0.386242
-0.374233  -0.880736  0.290266 0.100511 0.057528  -0.887074  0.458029 -0.222655
0.0980026  -0.348821  -0.932051 0.982904 0.1931  -0.440238  -0.876871 1.09571
0 0 0 1 0 0 0 1
0.938244  -0.345405  0.0198361 0.25603 0.891241  0.37348  -0.257298 -0.123577
-0.267953  -0.689195  0.67321 -0.167798 0.452328  -0.690709  0.564199 0.0315812
-0.218859  -0.63695  -0.739186 0.986581 0.0329992  -0.619221  -0.784523 0.887239
0 0 0 1 0 0 0 1
0.994719  -0.102472  -0.00586726 0.262493 0.999528  -0.0303268  0.00482219 -0.244062
-0.102389  -0.994659  0.0130024 -0.114626 -0.0306844  -0.992503  0.118307 -0.264965
-0.0071683  -0.0123329  -0.999898 1.05537 0.00119815  -0.1184  -0.992965 1.0653
0 0 0 1 0 0 0 1
0.880873  0.388264  0.270765 -0.0223235 0.914038  -0.40037  -0.0651055 -0.280631
0.466425  -0.614451  -0.636315 -0.145328 -0.320033  -0.613189  -0.722204 0.00684119
-0.0806864  0.686805  -0.72235 0.847271 0.249227  0.680958  -0.688609 0.829464
0 0 0 1 0 0 0 1
0.952968  -0.298446  -0.052752 0.285355 0.907865  0.341503  -0.243222 -0.0694957
-0.209311  -0.773982  0.597612 0.0044323 0.418616  -0.770552  0.480635 0.217677
-0.219184  -0.558463  -0.800048 0.956204 -0.0232769  -0.538168  -0.842516 0.865226
0 0 0 1 0 0 0 1
0.906057  0.413796  0.0885023 0.141923 0.971082  -0.217754  -0.0978973 -0.158541
0.39956  -0.767752  -0.500908 -0.109181 -0.232577  -0.77017  -0.593925 0.0637796
-0.139326  0.489213  -0.860964 0.946397 0.053932  0.599518  -0.798542 0.803949
0 0 0 1 0 0 0 1
0.963057  -0.19248  0.18834 0.0485384 0.979794  0.166651  0.110595 -0.443248
-0.239298  -0.932456  0.27067 0.117914 0.119375  -0.930916  0.345175 -0.0124665
0.12352  -0.30574  -0.944069 0.99831 0.160478  -0.324998  -0.931999 1.05387
0 0 0 1 0 0 0 1
0.885652  0.372528  0.277206 0.10219 0.890524  -0.443734  -0.100335 -0.190293
0.4551  -0.577804  -0.677516 -0.106167 -0.369411  -0.576584  -0.728756 -0.0142028
-0.0922231  0.726199  -0.68127 0.806008 0.265522  0.68604  -0.677382 0.931544
0 0 0 1 0 0 0 1
0.879717  -0.354318  0.317107 -0.00986402 0.879714  0.471535  -0.0613001 -0.376782
-0.471787  -0.567257  0.675008 -0.0271496 0.357276  -0.570401  0.739592 -0.154332
-0.059286  -0.743423  -0.666189 0.89488 0.313778  -0.67253  -0.670258 0.951385
0 0 0 1 0 0 0 1
0.939003  0.277833  0.202689 0.0903851 0.972803  -0.215289  0.0854671 -0.35697
0.336107  -0.866208  -0.36975 -0.208392 -0.147486  -0.860212  -0.488142 -0.0123697
0.072842  0.415322  -0.906754 0.950583 0.178612  0.462261  -0.868569 1.02826
0 0 0 1 0 0 0 1
0.9356  0.289694  0.201819 0.0509624 0.919499  -0.390961  -0.0408693 -0.28719
0.352183  -0.725428  -0.591372 -0.179675 -0.337008  -0.730518  -0.593943 -0.159616
-0.0249121  0.624365  -0.780736 0.863622 0.202353  0.559904  -0.803468 0.95087
0 0 0 1 0 0 0 1
0.949214  -0.278725  0.145963 0.07304 0.93171  0.358232  -0.0598841 -0.249242
-0.311369  -0.765537  0.56303 0.1695 0.330212  -0.766826  0.550398 0.187168
-0.0451902  -0.579884  -0.813445 0.886353 0.151249  -0.532585  -0.832752 0.907726
0 0 0 1 0 0 0 1
0.992798  0.119277  0.0111673 0.25853 0.990298  -0.138396  -0.0124788 -0.196429
0.118637  -0.965938  -0.229976 -0.246217 -0.137807  -0.966591  -0.216127 -0.276052
-0.0166439  0.229645  -0.973132 0.999516 0.0178493  0.21575  -0.976285 1.03802
0 0 0 1 0 0 0 1
0.952538  -0.283898  0.109878 0.0928054 0.953212  0.294705  -0.0673494 -0.255281
-0.299833  -0.812521  0.49991 0.0867064 0.286803  -0.811187  0.509626 0.0818264
-0.0526449  -0.509128  -0.859079 0.950195 0.0955567  -0.505098  -0.857756 0.899244
0 0 0 1 0 0 0 1
0.889241  -0.383291  0.249678 0.0241621 0.835682  0.501668  -0.223527 -0.274366
-0.416564  -0.452994  0.788207 -0.129724 0.4743  -0.454019  0.754259 -0.0686906
-0.18901  -0.804913  -0.562486 0.891662 0.276903  -0.73634  -0.617356 0.864815
0 0 0 1 0 0 0 1
0.973917  0.221148  -0.0507878 0.106155 0.944195  -0.292973  -0.15054 -0.23456
0.171361  -0.863566  -0.474225 0.0717641 -0.32903  -0.86016  -0.389697 -0.0881831
-0.148733  0.453153  -0.878938 1.01338 -0.0153179  0.417482  -0.908556 0.808387
0 0 0 1 0 0 0 1
0.937507  -0.346386  -0.0331175 0.296886 0.979989  0.134916  -0.146356 -0.0863255
-0.310363  -0.875435  0.370525 0.0732257 0.188466  -0.865492  0.464117 -0.0607469
-0.157337  -0.337092  -0.928232 1.00701 -0.0640535  -0.482413  -0.873599 0.872637
0 0 0 1 0 0 0 1
0.881957  -0.35257  0.312805 0.0656833 0.913098  0.407664  0.00791699 -0.34306
-0.471325  -0.663083  0.581527 0.0518368 0.286076  -0.654355  0.699985 -0.145991
0.0023861  -0.660314  -0.750985 0.886577 0.29054  -0.63689  -0.714113 1.01584
0 0 0 1 0 0 0 1
0.999961  0.000475045  -0.00884393 0.200544 0.999281  -0.0375743  0.00502022 -0.262158
0.000181218  -0.999449  -0.0331948 -0.17954 -0.0374033  -0.99883  -0.0306593 -0.215253
-0.00885482  0.0331919  -0.99941 1.04565 0.00616635  0.0304495  -0.999517 1.00551
0 0 0 1 0 0 0 1
0.950176  0.232763  0.207335 0.0181334 0.949077  -0.311697  0.0457965 -0.408752
0.305045  -0.831192  -0.46483 -0.107819 -0.251077  -0.836148  -0.487665 -0.0512739
0.0641403  0.504917  -0.860781 0.954677 0.190296  0.451333  -0.871829 1.00348
0 0 0 1 0 0 0 1
0.887643  -0.460212  0.0171962 0.237235 0.897589  0.317286  -0.306045 0.00631472
-0.339842  -0.629364  0.698862 0.0229355 0.440656  -0.626125  0.643265 0.135317
-0.310802  -0.626183  -0.71505 0.892221 0.0124767  -0.712248  -0.701817 0.710746
0 0 0 1 0 0 0 1
0.97288  -0.202866  0.111126 0.198983 0.954224  0.29832  0.0215085 -0.317448
-0.231245  -0.864288  0.44669 -0.132823 0.264616  -0.875559  0.404196 -0.100127
0.00542695  -0.460274  -0.887761 1.02106 0.139412  -0.380002  -0.914419 1.11693
0 0 0 1 0 0 0 1
0.930314  -0.346941  0.118942 0.0623294 0.971822  0.231424  -0.0447715 -0.26508
-0.361949  -0.816111  0.450506 0.106852 0.216986  -0.804119  0.553453 -0.0453524
-0.059229  -0.462163  -0.884815 0.95888 0.0920809  -0.547573  -0.831676 0.843902
0 0 0 1 0 0 0 1
0.988599  -0.0753495  0.130365 0.0399949 0.986898  0.0982826  0.127954 -0.454449
-0.091402  -0.988326  0.121888 0.235855 0.0808227  -0.987524  0.135147 0.225153
0.119659  -0.132414  -0.983945 1.02322 0.13964  -0.123035  -0.982529 1.05838
0 0 0 1 0 0 0 1
0.970084  -0.221289  -0.0998418 0.322514 0.991308  -0.093358  -0.0926944 -0.138918
-0.216711  -0.974701  0.054714 0.237626 -0.0730961  -0.976666  0.201942 -0.0628835
-0.109424  -0.0314404  -0.993498 1.05322 -0.109384  -0.193411  -0.975001 0.922451
0 0 0 1 0 0 0 1
0.942825  -0.315661  0.106955 0.148053 0.90951  0.382511  -0.162717 -0.215842
-0.309181  -0.708544  0.634328 -0.0893911 0.402468  -0.712414  0.574878 0.0271997
-0.12445  -0.631129  -0.765629 0.957984 0.103975  -0.588346  -0.801897 0.912328
0 0 0 1 0 0 0 1
0.875619  0.390981  0.283592 0.136842 0.881775  -0.45146  -0.13659 -0.195604
0.465358  -0.525662  -0.712124 0.0314225 -0.387327  -0.527814  -0.755903 0.111239
-0.129353  0.755522  -0.642226 0.855648 0.269166  0.719442  -0.640276 0.961811
0 0 0 1 0 0 0 1
0.946799  -0.316729  0.0570484 0.00216651 0.835906  0.47814  -0.269524 -0.286619
-0.246355  -0.599229  0.761731 -0.145946 0.53501  -0.600131  0.594648 0.154071
-0.207078  -0.73526  -0.645377 0.940169 0.122575  -0.641268  -0.757463 0.756831
0 0 0 1 0 0 0 1
0.918856  0.343462  0.19426 0.115274 0.927752  -0.365431  -0.0757401 -0.293977
0.388726  -0.703331  -0.595161 0.127799 -0.327854  -0.701111  -0.63321 0.183066
-0.0677862  0.622382  -0.779773 0.973414 0.178292  0.612294  -0.770265 0.981766
0 0 0 1 0 0 0 1
0.973568  0.228227  0.00883533 0.0634858 0.993045  -0.11704  -0.0127796 -0.313028
0.221175  -0.932424  -0.285775 0.0126341 -0.115256  -0.944219  -0.30849 0.115199
-0.0569834  0.280176  -0.958256 1.0331 0.0240391  0.307817  -0.951142 0.864488
0 0 0 1 0 0 0 1
0.904182  -0.399099  0.152234 -0.00799569 0.921335  0.354039  -0.16062 -0.258287
-0.394632  -0.644108  0.655279 -0.0330033 0.365967  -0.650396  0.665623 -0.0559972
-0.163466  -0.652568  -0.739888 0.93912 0.13119  -0.672043  -0.728799 0.744051
0 0 0 1 0 0 0 1
0.894615  -0.443764  0.0523158 0.122107 0.919674  0.309037  -0.242271 -0.0634201
-0.364037  -0.655936  0.66123 0.0897347 0.390505  -0.654895  0.647007 0.118893
-0.259114  -0.610591  -0.748357 0.880263 0.0412876  -0.689644  -0.722971 0.665664
0 0 0 1 0 0 0 1
0.931021  -0.3454  0.117893 0.0338359 0.938205  0.328009  -0.11037 -0.203958
-0.346555  -0.735363  0.582358 0.171204 0.326433  -0.732812  0.597016 0.14703
-0.114452  -0.583044  -0.804339 0.885821 0.114947  -0.596152  -0.794601 0.77574
0 0 0 1 0 0 0 1
0.972364  -0.209518  0.103012 0.237836 0.998738  -0.00429873  0.050049 -0.312525
-0.220404  -0.9693  0.10899 -0.0493027 -0.015054  -0.976153  0.216562 -0.298639
0.0770146  -0.128682  -0.988691 1.03679 0.0479245  -0.217042  -0.974985 1.1182
0 0 0 1 0 0 0 1
0.917145  0.352355  0.186256 0.0687956 0.889509  -0.43548  -0.138317 -0.301276
0.37755  -0.618392  -0.689236 0.154024 -0.407779  -0.620035  -0.670278 0.126014
-0.127676  0.702451  -0.700187 0.957084 0.206131  0.652621  -0.729106 0.929769
0 0 0 1 0 0 0 1
0.978025  0.190236  0.0853059 0.115383 0.989737  -0.09108  0.110117 -0.379485
0.202648  -0.963573  -0.174529 0.0207584 -0.0571276  -0.958496  -0.279325 0.168902
0.0489968  0.187981  -0.98095 1.03138 0.130988  0.270167  -0.953862 1.05436
0 0 0 1 0 0 0 1
0.920877  -0.380818  0.0834502 0.25914 0.9692  0.239164  -0.0587538 -0.132412
-0.370779  -0.789383  0.489283 0.0467348 0.228833  -0.786369  0.573812 -0.0946588
-0.120454  -0.481511  -0.868123 0.953977 0.0910328  -0.569583  -0.816877 0.963468
0 0 0 1 0 0 0 1
0.946185  0.298249  0.125621 0.213103 0.959732  -0.278232  -0.0387611 -0.220287
0.321025  -0.815887  -0.480906 -0.0278269 -0.258347  -0.819985  -0.510766 0.0491176
-0.0409372  0.495354  -0.867726 0.960375 0.110328  0.500212  -0.858846 1.034
0 0 0 1 0 0 0 1
0.978537  0.190248  -0.0791888 0.287811 0.967446  -0.207716  -0.144578 -0.10197
0.147653  -0.915366  -0.374571 -0.095927 -0.243351  -0.920382  -0.306069 -0.201966
-0.143748  0.354839  -0.92381 0.999885 -0.0694915  0.331288  -0.940967 0.896927
0 0 0 1 0 0 0 1
0.919735  -0.342966  0.190948 0.216608 0.984182  0.169525  0.0514572 -0.276117
-0.391128  -0.841907  0.371768 0.159209 0.117843  -0.843305  0.524357 -0.132897
0.0332567  -0.416613  -0.908475 0.943055 0.132286  -0.509998  -0.849943 1.0957
0 0 0 1 0 0 0 1
0.925867  -0.372901  0.0609555 0.260658 0.895309  0.383247  -0.227034 -0.0514082
-0.311838  -0.663005  0.680574 0.0366555 0.437745  -0.662611  0.607722 0.166931
-0.213373  -0.649129  -0.730139 0.888834 0.0824727  -0.643482  -0.761006 0.892264
0 0 0 1 0 0 0 1
0.909927  0.387972  0.146663 0.144964 0.906582  -0.387773  -0.166555 -0.0900738
0.378652  -0.632712  -0.675499 -0.151081 -0.393533  -0.63419  -0.665533 -0.164985
-0.169279  0.670189  -0.722628 0.816161 0.152448  0.668905  -0.727547 0.839927
0 0 0 1 0 0 0 1
0.879117  -0.33237  0.34159 -0.00968826 0.827375  0.551971  -0.103823 -0.39451
-0.467234  -0.459581  0.7553 -0.12128 0.403897  -0.456282  0.792889 -0.191986
-0.0940506  -0.823599  -0.55932 0.882977 0.390279  -0.69795  -0.600456 0.982282
0 0 0 1 0 0 0 1
0.91952  -0.260174  0.294605 0.0654052 0.934944  0.333087  0.1222 -0.490354
-0.377875  -0.791404  0.480511 -0.086309 0.212448  -0.801433  0.55908 -0.263539
0.108135  -0.553163  -0.826025 0.97553 0.284157  -0.496748  -0.820059 1.14592
0 0 0 1 0 0 0 1
0.910988  0.352364  0.214337 0.235252 0.985321  -0.115104  0.126073 -0.319392
0.404334  -0.865508  -0.295653 -0.0763509 -0.0411015  -0.876731  -0.479221 0.299505
0.081333  0.356  -0.93094 0.976708 0.165692  0.467005  -0.868592 1.13619
0 0 0 1 0 0 0 1
0.920264  -0.390848  -0.0187626 0.192328 0.929043  0.262094  -0.261124 -0.0553682
-0.305434  -0.747474  0.589909 0.0537105 0.367051  -0.741467  0.561694 0.117415
-0.244589  -0.537141  -0.807252 0.937242 -0.0463981  -0.617683  -0.785057 0.693823
0 0 0 1 0 0 0 1
0.900496  0.338983  0.272392 0.112817 0.96732  -0.17341  0.18499 -0.437961
0.416445  -0.852588  -0.315701 -0.189467 -0.0622814  -0.869718  -0.489604 0.188782
0.125221  0.397724  -0.90892 0.953713 0.245792  0.462082  -0.852095 1.12791
0 0 0 1 0 0 0 1
0.951609  -0.301895  -0.0574504 0.288173 0.945828  0.238476  -0.220313 -0.0711782
-0.234059  -0.833139  0.501095 -0.0303998 0.315295  -0.836543  0.44809 0.0619897
-0.199142  -0.4634  -0.863483 0.999497 -0.0774422  -0.49328  -0.866417 0.823251
0 0 0 1 0 0 0 1
0.943293  -0.326564  -0.0596271 0.146087 0.863736  0.397929  -0.309214 -0.166371
-0.198043  -0.697754  0.688417 -0.154463 0.503927  -0.68725  0.523207 0.156109
-0.266417  -0.63757  -0.72286 0.975646 -0.00430842  -0.607734  -0.794129 0.7393
0 0 0 1 0 0 0 1
