0.993074  0.100388  -0.0610374 -0.125906 0.998043  -0.0121802  -0.061335 -0.0415598
0.0953938  -0.99223  -0.0798706 -0.086654 -0.0194813  -0.992597  -0.119885 -0.00762665
-0.0685812  0.0734949  -0.994935 0.663056 -0.0594207  0.120846  -0.990891 0.429815
0 0 0 1 0 0 0 1
0.994181  -0.0774704  -0.0748455 -0.115846 0.995836  0.035909  -0.0837934 -0.0671415
-0.0708167  -0.993618  0.0877985 0.0277713 0.0446287  -0.99351  0.104626 0.00450263
-0.0811696  -0.0819873  -0.993322 0.717589 -0.0794926  -0.10793  -0.990975 0.436579
0 0 0 1 0 0 0 1
0.991338  -0.115436  -0.0626299 -0.083568 0.996279  0.0379941  -0.0773545 0.00460979
-0.106896  -0.986274  0.125844 0.0737868 0.0495403  -0.986938  0.153297 0.010997
-0.0762972  -0.118059  -0.990071 0.643267 -0.0705197  -0.156558  -0.985148 0.440567
0 0 0 1 0 0 0 1
0.996813  -0.0405153  -0.0687213 -0.124828 0.997691  -0.028806  -0.0615007 -0.0541131
-0.0412266  -0.99911  -0.0089639 0.0808569 -0.0270485  -0.999207  0.0292202 0.0110699
-0.0682969  0.0117685  -0.997596 0.676657 -0.0622936  -0.0274893  -0.997679 0.439576
0 0 0 1 0 0 0 1
0.995693  0.0538941  -0.0754416 -0.0370042 0.996416  0.00595147  -0.0843738 0.0657306
0.0515625  -0.99814  -0.0325212 -0.0666447 0.00120437  -0.998419  -0.0562024 -0.0124699
-0.077054  0.0284912  -0.99662 0.605448 -0.0845748  0.0558994  -0.994848 0.451543
0 0 0 1 0 0 0 1
0.995613  -0.0426508  -0.0832823 -0.0662601 0.995047  0.037183  -0.0921904 -0.00702579
-0.0375274  -0.997361  0.0621432 -0.0152807 0.0439151  -0.99643  0.072104 -0.0071977
-0.0857131  -0.0587452  -0.994586 0.682883 -0.0891802  -0.0757954  -0.993127 0.450038
0 0 0 1 0 0 0 1
0.99966  0.00793552  -0.0248447 -0.124994 0.999044  0.0375377  -0.0224214 0.0109539
0.008924  -0.999163  0.0399315 -0.0431484 0.0377336  -0.999253  0.00837894 0.00614591
-0.024507  -0.0401396  -0.998893 0.559975 -0.0220901  -0.00921697  -0.999713 0.450995
0 0 0 1 0 0 0 1
0.976288  -0.175611  -0.126579 0.0226853 0.985764  0.0641312  -0.155424 0.0282515
-0.147956  -0.968145  0.202001 0.0612207 0.0981353  -0.970062  0.222147 0.0096902
-0.15802  -0.178483  -0.971171 0.743494 -0.136524  -0.234237  -0.962546 0.451392
0 0 0 1 0 0 0 1
0.98272  0.122918  -0.138392 0.0136239 0.986787  -0.0563663  -0.151903 0.025562
0.1009  -0.982557  -0.156207 -0.0216546 -0.0809731  -0.983623  -0.161024 -0.000878698
-0.155179  0.139544  -0.977981 0.73398 -0.140339  0.171196  -0.975191 0.454464
0 0 0 1 0 0 0 1
0.998559  0.045512  -0.0284346 -0.16313 0.999588  0.0153048  -0.0242959 -0.0792186
0.0453761  -0.998955  -0.00540605 -0.0800073 0.0143046  -0.999064  -0.0408201 -0.0200629
-0.0286509  0.00410801  -0.999581 0.64817 -0.024898  0.0404558  -0.998871 0.453432
0 0 0 1 0 0 0 1
0.983353  -0.174458  -0.0508018 -0.0710278 0.993198  0.086024  -0.0784654 0.0210896
-0.159263  -0.962128  0.221236 0.076671 0.103012  -0.963325  0.247776 0.0163762
-0.087474  -0.209462  -0.973896 0.627254 -0.054273  -0.254174  -0.965635 0.452111
0 0 0 1 0 0 0 1
0.993074  -0.0245775  -0.114892 0.0117315 0.991984  -0.0415343  -0.119342 0.0723492
-0.0279734  -0.999215  -0.0280388 0.0837777 -0.0400948  -0.999092  0.0144394 0.0119752
-0.114113  0.0310585  -0.992982 0.656458 -0.119833  -0.00953872  -0.992748 0.459964
0 0 0 1 0 0 0 1
0.993409  0.0990492  -0.0576839 -0.0726389 0.996834  -0.0409324  -0.0681645 0.0188082
0.0919973  -0.989189  -0.114199 -0.0619161 -0.0496672  -0.990028  -0.131825 -0.0155497
-0.0683716  0.108139  -0.991782 0.626907 -0.0620889  0.134794  -0.988927 0.455175
0 0 0 1 0 0 0 1
0.987172  0.156048  -0.033778 -0.137258 0.995908  -0.0741362  -0.0516812 -0.0713335
0.14753  -0.972406  -0.180723 -0.0800962 -0.0835586  -0.973231  -0.214102 -0.0130754
-0.0610473  0.173421  -0.982954 0.677494 -0.034425  0.217544  -0.975443 0.451423
0 0 0 1 0 0 0 1
0.974172  -0.198932  -0.106841 -0.0356955 0.989168  0.0437901  -0.140107 -0.0600939
-0.175523  -0.964778  0.195948 0.125647 0.0788483  -0.963586  0.25551 0.0187724
-0.142058  -0.172134  -0.974777 0.799905 -0.123816  -0.26379  -0.956601 0.447789
0 0 0 1 0 0 0 1
0.989059  -0.00654929  -0.147373 -0.0705274 0.990565  0.0333311  -0.132929 -0.103291
-0.00188606  -0.999494  0.0317599 -0.0375233 0.0366267  -0.999077  0.0224242 -0.00260789
-0.147507  -0.0311345  -0.988571 0.824244 -0.132058  -0.0270813  -0.990872 0.4495
0 0 0 1 0 0 0 1
0.984587  -0.133771  -0.11267 -0.0556601 0.988848  0.0473799  -0.141194 -0.087274
-0.115091  -0.980623  0.158532 0.0432499 0.0708198  -0.983592  0.165923 0.00180771
-0.131694  -0.143121  -0.980904 0.819989 -0.131016  -0.174072  -0.975978 0.450981
0 0 0 1 0 0 0 1
0.983259  0.109784  -0.145426 0.0309269 0.988567  0.0259214  -0.148539 0.0192779
0.106001  -0.9938  -0.0335342 -0.130952 0.00889721  -0.993424  -0.114148 -0.0107141
-0.148206  0.0175576  -0.988801 0.760927 -0.150521  0.111521  -0.982296 0.458405
0 0 0 1 0 0 0 1
0.999475  0.0248063  -0.0208271 -0.121079 0.997525  -0.0664176  -0.0230982 -0.00327804
0.022759  -0.995372  -0.0933645 0.0460189 -0.0678083  -0.995525  -0.065811 -0.00282139
-0.0230467  0.0928415  -0.995414 0.584935 -0.0186238  0.0672143  -0.997565 0.459036
0 0 0 1 0 0 0 1
0.988954  -0.00526604  -0.148127 -0.00200425 0.986943  -0.0198513  -0.159841 -0.0348787
-0.00823765  -0.999777  -0.0194549 0.030754 -0.0200705  -0.999799  0.0002433 0.000446066
-0.147992  0.0204602  -0.988777 0.804171 -0.159814  0.00296796  -0.987143 0.45773
0 0 0 1 0 0 0 1
0.983654  -0.0794465  -0.161596 0.0526002 0.98617  -0.0372187  -0.161505 0.0333397
-0.0777597  -0.996831  0.0167467 0.119764 -0.0256869  -0.997008  0.0729119 0.00987346
-0.162415  -0.00390731  -0.986715 0.763629 -0.163736  -0.0677549  -0.984175 0.462802
0 0 0 1 0 0 0 1
0.993012  0.0318269  -0.113642 -0.00924175 0.988792  -0.0921238  -0.117485 0.0417551
0.0168129  -0.991278  -0.130708 0.086689 -0.101445  -0.991935  -0.0759886 -0.00125826
-0.116811  0.127884  -0.984886 0.672944 -0.109538  0.0870553  -0.990163 0.462549
0 0 0 1 0 0 0 1
0.992788  -0.0700197  -0.0973072 -0.0281622 0.987912  0.106532  -0.112612 0.0220812
-0.0526736  -0.983931  0.170602 -0.0674085 0.120694  -0.984468  0.127495 0.00460905
-0.107689  -0.164246  -0.980523 0.67965 -0.0972811  -0.139545  -0.985426 0.461019
0 0 0 1 0 0 0 1
0.999437  -0.0163846  -0.0292625 -0.0785253 0.999744  0.00557907  -0.0219449 0.0750692
-0.0160024  -0.999784  0.0132482 0.0292511 0.00597673  -0.999818  0.0180973 0.0175555
-0.0294732  -0.0127724  -0.999484 0.519346 -0.0218399  -0.0182239  -0.999595 0.463107
0 0 0 1 0 0 0 1
0.99222  0.00631208  -0.124339 -0.0526875 0.990068  -0.0833451  -0.113217 -0.038768
-0.00705015  -0.994263  -0.106734 0.104103 -0.0894482  -0.994739  -0.0499328 0.00560098
-0.124299  0.10678  -0.986483 0.740787 -0.10846  0.0595639  -0.992315 0.460337
0 0 0 1 0 0 0 1
0.982229  -0.0615051  -0.177324 0.0305952 0.984308  0.0564352  -0.167188 -0.00324952
-0.0427466  -0.99326  0.107733 -0.0376723 0.0739489  -0.99219  0.10045 -0.00906149
-0.182755  -0.0982387  -0.978238 0.794088 -0.160214  -0.111237  -0.980795 0.462312
0 0 0 1 0 0 0 1
0.99222  0.0644824  -0.1065 -0.0545563 0.993794  0.0451781  -0.101651 -0.0385102
0.0651626  -0.99787  0.00291664 -0.118941 0.0406298  -0.998097  -0.0463799 -0.0103938
-0.106085  -0.00983379  -0.994308 0.733244 -0.103553  0.0419621  -0.993738 0.461675
0 0 0 1 0 0 0 1
0.977091  -0.209758  -0.035974 -0.111745 0.992365  0.104344  -0.0657575 -0.0510219
-0.194822  -0.949621  0.245489 0.10004 0.119063  -0.949584  0.290024 0.020347
-0.0856549  -0.232857  -0.968732 0.677065 -0.0321802  -0.295639  -0.954758 0.458629
0 0 0 1 0 0 0 1
0.997234  -0.0688784  -0.0279334 -0.0756481 0.997942  0.0573178  -0.0287616 0.0699591
-0.0657876  -0.992855  0.0995489 -7.91437e-05 0.0601843  -0.991952  0.111395 -0.00432671
-0.0345906  -0.0974358  -0.994641 0.528895 -0.0221452  -0.112897  -0.99336 0.467617
0 0 0 1 0 0 0 1
0.987656  0.112469  -0.109023 -0.0411712 0.988165  -0.0793849  -0.131252 -0.0480177
0.0911278  -0.978679  -0.184074 -0.00126978 -0.100747  -0.981119  -0.165093 -0.00962352
-0.127401  0.171867  -0.976847 0.771659 -0.115668  0.176363  -0.977506 0.460993
0 0 0 1 0 0 0 1
0.958904  -0.260333  -0.112829 0.0287194 0.985012  0.0612751  -0.161238 0.00217071
-0.224331  -0.939107  0.260295 0.127763 0.111573  -0.939222  0.324676 0.00925776
-0.173722  -0.224286  -0.958914 0.779612 -0.131544  -0.337799  -0.931981 0.461887
0 0 0 1 0 0 0 1
0.97513  0.196821  -0.101898 -0.0112503 0.989797  -0.0307519  -0.139126 -0.024587
0.175434  -0.966409  -0.187823 -0.134702 -0.0646087  -0.967145  -0.245878 -0.0151271
-0.135442  0.165275  -0.976903 0.767788 -0.126993  0.252358  -0.959264 0.462141
0 0 0 1 0 0 0 1
0.998304  -0.0544866  -0.0204916 -0.15194 0.994709  0.0972777  -0.0330237 -0.0745358
-0.0511663  -0.98918  0.137494 -0.0378674 0.100426  -0.988487  0.113171 0.012542
-0.0277615  -0.136212  -0.990291 0.647775 -0.0216345  -0.115888  -0.993027 0.466242
0 0 0 1 0 0 0 1
0.986371  0.163173  -0.0211481 -0.10105 0.993408  -0.10126  -0.0537378 -0.00277719
0.15494  -0.964389  -0.214353 -0.0690636 -0.111309  -0.964149  -0.240888 -0.0275541
-0.0553715  0.208155  -0.976527 0.611905 -0.0274188  0.245281  -0.969064 0.46324
0 0 0 1 0 0 0 1
0.981018  0.0455786  -0.188485 0.0143921 0.978068  -0.080813  -0.19197 -0.0857283
0.0218432  -0.991772  -0.126137 0.0885504 -0.0995178  -0.990969  -0.0898675 0.00771144
-0.192683  0.119626  -0.973942 0.896686 -0.182974  0.107001  -0.977277 0.462254
0 0 0 1 0 0 0 1
0.948439  0.310834  -0.0620064 -0.0289117 0.982655  -0.118489  -0.142653 -0.0340733
0.271901  -0.898429  -0.344813 -0.146238 -0.167677  -0.896274  -0.410581 -0.0384475
-0.162888  0.310174  -0.936621 0.769925 -0.0792068  0.427379  -0.900596 0.454177
0 0 0 1 0 0 0 1
0.97259  -0.0614534  -0.224259 0.0348945 0.977997  0.0306241  -0.20636 -0.0915433
-0.0431605  -0.995396  0.0855842 -0.00102783 0.0476918  -0.995793  0.0782477 -0.000371403
-0.228486  -0.0735592  -0.970764 0.926127 -0.203095  -0.0863677  -0.975342 0.461955
0 0 0 1 0 0 0 1
0.998011  0.0615939  -0.0134141 -0.157103 0.995822  -0.0855361  -0.0319552 -0.0887764
0.0593208  -0.989645  -0.130705 0.0307248 -0.0886797  -0.989373  -0.115228 -0.00195018
-0.0213259  0.12965  -0.991331 0.658108 -0.0217594  0.11758  -0.992825 0.47136
0 0 0 1 0 0 0 1
0.993052  -0.0820006  -0.0844057 -0.00517137 0.995588  0.00522791  -0.0936864 0.0617596
-0.0766957  -0.99498  0.0642869 0.0798684 0.0150828  -0.99438  0.104794 0.0156482
-0.0892535  -0.0573666  -0.994356 0.639437 -0.092612  -0.105745  -0.990071 0.477189
0 0 0 1 0 0 0 1
0.975603  -0.219377  -0.00857958 -0.0696199 0.98686  0.143098  -0.0750377 0.0232813
-0.206019  -0.928304  0.309529 0.0763932 0.160022  -0.929873  0.331253 0.0288154
-0.0758679  -0.30021  -0.950851 0.615032 -0.022374  -0.338908  -0.940553 0.466215
0 0 0 1 0 0 0 1
0.985338  0.0132524  -0.170101 0.0253517 0.982052  0.0725756  -0.174087 -0.0352855
0.0260888  -0.996957  0.0734517 -0.132842 0.0762267  -0.996987  0.0143701 -0.0230202
-0.16861  -0.0768124  -0.982685 0.8259 -0.172519  -0.0273823  -0.984625 0.471038
0 0 0 1 0 0 0 1
0.953724  -0.259527  -0.151845 0.0134868 0.980628  0.0591112  -0.186747 -0.0821696
-0.215123  -0.941765  0.258459 0.126906 0.116754  -0.941901  0.314946 0.0200413
-0.210079  -0.213833  -0.954014 0.886868 -0.15728  -0.330649  -0.930556 0.459822
0 0 0 1 0 0 0 1
0.94982  -0.312634  0.0100624 -0.101886 0.97725  0.181227  -0.110178 -0.0599877
-0.288931  -0.864572  0.411137 0.127847 0.211721  -0.864261  0.456319 0.045035
-0.119836  -0.393414  -0.911518 0.710288 -0.0125252  -0.469265  -0.882969 0.451896
0 0 0 1 0 0 0 1
0.960737  -0.271209  -0.0585726 -0.0684763 0.987811  0.100819  -0.1186 -0.0788465
-0.242277  -0.922888  0.299299 0.135653 0.137476  -0.922414  0.360905 0.0228965
-0.135228  -0.273357  -0.95236 0.776275 -0.0730124  -0.37281  -0.925031 0.462175
0 0 0 1 0 0 0 1
0.971593  0.232936  -0.0418084 -0.0895311 0.990064  -0.112199  -0.0847619 -0.0620237
0.211535  -0.934001  -0.287914 -0.103759 -0.133782  -0.937227  -0.322038 -0.0237888
-0.106115  0.270891  -0.956743 0.719845 -0.0433087  0.330178  -0.942925 0.466374
0 0 0 1 0 0 0 1
0.998978  0.0366917  -0.0263806 -0.0792416 0.997979  -0.0577109  -0.0266064 0.0511245
0.0342213  -0.995473  -0.0886741 0.0362721 -0.0595578  -0.995416  -0.0748344 0.0113586
-0.0295148  0.0876807  -0.995711 0.542607 -0.0221657  0.0762678  -0.996841 0.477437
0 0 0 1 0 0 0 1
0.995971  0.0209044  -0.0872095 -0.105096 0.993978  -0.0684384  -0.0855782 -0.101206
0.0131888  -0.996022  -0.0881279 0.0597607 -0.0735463  -0.995602  -0.0580286 -0.00287537
-0.0887048  0.0866226  -0.992284 0.754054 -0.0812305  0.0639731  -0.99464 0.473732
0 0 0 1 0 0 0 1
0.984912  -0.167742  -0.0425504 -0.102971 0.996355  0.056721  -0.0637175 -0.0745495
-0.158225  -0.972453  0.17117 0.0931127 0.069757  -0.971668  0.225821 -0.00231996
-0.0700906  -0.161855  -0.984322 0.714914 -0.0491035  -0.229442  -0.972083 0.475579
0 0 0 1 0 0 0 1
0.999912  0.00207948  -0.0131172 -0.1468 0.998657  0.0516714  -0.00371965 -0.0534289
0.00278851  -0.998522  0.0542688 -0.0629357 0.0517517  -0.998313  0.026333 -0.00563878
-0.0129849  -0.0543005  -0.99844 0.607934 -0.00235271  -0.0264901  -0.999646 0.479655
0 0 0 1 0 0 0 1
0.980656  0.086758  -0.175461 -0.00638296 0.987074  0.00683157  -0.16012 -0.100609
0.0789086  -0.995564  -0.0512419 -0.0828393 -0.00821832  -0.995619  -0.093141 -0.011685
-0.179128  0.0364052  -0.983152 0.888366 -0.160055  0.093253  -0.982693 0.470518
0 0 0 1 0 0 0 1
0.997271  -0.0720323  -0.0161736 -0.100114 0.994176  0.103841  -0.0288346 0.0159814
-0.0682672  -0.98318  0.169398 -0.0224962 0.106908  -0.984046  0.14221 0.0167509
-0.0281037  -0.167832  -0.985415 0.568636 -0.0136073  -0.144464  -0.989416 0.480197
0 0 0 1 0 0 0 1
0.980817  0.164506  -0.104576 0.0150096 0.975246  -0.153048  -0.159595 0.0150477
0.128473  -0.949002  -0.287906 0.0498579 -0.190391  -0.948261  -0.25407 -0.0169418
-0.146605  0.268947  -0.951932 0.740745 -0.112453  0.278167  -0.953927 0.476484
0 0 0 1 0 0 0 1
0.978245  0.207142  -0.0113387 -0.0751357 0.985813  -0.153362  -0.0682127 0.0230647
0.193929  -0.932517  -0.304636 -0.0585728 -0.167267  -0.931394  -0.323305 -0.0324767
-0.0736765  0.295809  -0.952401 0.601879 -0.0139503  0.330128  -0.943833 0.47216
0 0 0 1 0 0 0 1
0.996981  0.0758048  -0.0168134 -0.113095 0.992745  -0.115293  -0.0341205 -0.0188205
0.0710538  -0.977999  -0.196138 0.0420607 -0.119111  -0.98175  -0.148254 -0.00853067
-0.0313117  0.194352  -0.980432 0.604097 -0.0164052  0.151242  -0.988361 0.480107
0 0 0 1 0 0 0 1
0.997068  -0.0159446  -0.0748346 -0.0373262 0.99613  -0.0400616  -0.0782302 0.0267537
-0.0184923  -0.999268  -0.0334763 0.0633679 -0.0405766  -0.999164  -0.00500447 0.000361861
-0.0742461  0.0347621  -0.996634 0.643935 -0.0779643  0.00815942  -0.996923 0.483985
0 0 0 1 0 0 0 1
0.995711  -0.0445155  -0.0811096 -0.109763 0.997336  -0.0332049  -0.0649459 -0.100763
-0.044942  -0.998984  -0.00343896 0.0694715 -0.0310666  -0.99895  0.0336615 -0.0101529
-0.080874  0.00706943  -0.996699 0.738903 -0.0659954  -0.0315541  -0.997321 0.479678
0 0 0 1 0 0 0 1
0.99353  0.111784  -0.0200729 -0.134301 0.982786  -0.172301  -0.0666652 -0.0829142
0.101836  -0.955085  -0.278285 0.0637534 -0.18296  -0.957791  -0.221724 -0.0206646
-0.0502791  0.27444  -0.960289 0.67655 -0.025648  0.230104  -0.972828 0.476739
0 0 0 1 0 0 0 1
0.999993  0.000327303  0.00362573 -0.09756 0.999994  -0.000264264  -0.0035024 0.0483261
0.000349857  -0.999981  -0.00622184 -0.0258918 -0.000269524  -0.999999  -0.00150143 -0.0257247
0.00362362  0.00622307  -0.999974 0.513356 -0.003502  0.00150236  -0.999993 0.485248
0 0 0 1 0 0 0 1
0.959301  0.091571  -0.267126 0.211623 0.965232  0.0249394  -0.260202 0.0576021
0.0850738  -0.995731  -0.0358207 -0.0881063 -0.00152283  -0.994885  -0.101005 -0.00111642
-0.269266  0.0116374  -0.962996 0.895445 -0.26139  0.0978892  -0.960257 0.488466
0 0 0 1 0 0 0 1
0.996863  -0.079107  -0.00266042 -0.158517 0.999822  0.0183136  -0.00450458 -0.0948211
-0.0788  -0.995037  0.0607639 0.0801599 0.0186755  -0.994694  0.101165 0.0192291
-0.00745407  -0.0603636  -0.998149 0.654659 -0.00262799  -0.101231  -0.99486 0.484474
0 0 0 1 0 0 0 1
0.983114  -0.137621  -0.120612 0.0541328 0.987899  0.00695194  -0.154943 0.0263307
-0.125169  -0.986522  0.105391 0.094088 0.0339658  -0.984443  0.172392 -0.005167
-0.133491  -0.0885142  -0.987089 0.763943 -0.151334  -0.175568  -0.972766 0.487086
0 0 0 1 0 0 0 1
0.94715  -0.310464  -0.0807452 0.00952196 0.967109  0.171687  -0.187679 -0.0217387
-0.249736  -0.871597  0.421842 0.0484939 0.237727  -0.872528  0.426826 0.0334242
-0.201344  -0.379383  -0.903067 0.792228 -0.0904742  -0.457404  -0.884645 0.465383
0 0 0 1 0 0 0 1
0.93446  -0.326164  -0.142832 0.0726053 0.976233  0.0633815  -0.207248 -0.0537236
-0.269944  -0.910527  0.313162 0.146236 0.141725  -0.910171  0.389235 0.0153216
-0.232194  -0.254081  -0.938898 0.910297 -0.163961  -0.409356  -0.897521 0.468663
0 0 0 1 0 0 0 1
0.985318  0.138235  -0.100197 -0.0504888 0.993825  0.00118071  -0.110952 -0.0867541
0.128379  -0.986778  -0.0989336 -0.146878 -0.0166195  -0.987079  -0.159368 -0.0275036
-0.112549  0.0846178  -0.990037 0.802625 -0.109707  0.160228  -0.980964 0.477896
0 0 0 1 0 0 0 1
0.98924  0.0539983  -0.135972 0.0192229 0.988718  0.0711702  -0.131802 0.00437128
0.0615591  -0.996747  0.0520262 -0.124857 0.0685224  -0.997348  -0.0245226 0.00586186
-0.132721  -0.0598368  -0.989346 0.748582 -0.133198  0.0152146  -0.990973 0.48741
0 0 0 1 0 0 0 1
0.996482  -0.0837983  -0.00150146 -0.124191 0.999096  0.0413057  -0.0100083 -0.0331603
-0.0833082  -0.992296  0.0916976 0.0286711 0.0422162  -0.991707  0.121386 -0.0134076
-0.00917399  -0.0912498  -0.995786 0.603505 -0.0049114  -0.121699  -0.992555 0.488616
0 0 0 1 0 0 0 1
0.956973  -0.143823  -0.252027 0.22149 0.956289  0.078721  -0.281629 0.0445561
-0.0949198  -0.9759  0.196493 -0.0514412 0.136092  -0.972237  0.19035 -0.00914232
-0.274214  -0.164116  -0.947561 0.921436 -0.258825  -0.220357  -0.940453 0.489986
0 0 0 1 0 0 0 1
0.99759  0.0683417  -0.0119512 -0.126657 0.998651  -0.0491507  -0.0167573 -0.0338284
0.0669147  -0.993278  -0.0944516 -0.0501867 -0.0506752  -0.992883  -0.107772 -0.0320872
-0.0183259  0.0934243  -0.995458 0.601591 -0.011341  0.108476  -0.994034 0.485354
0 0 0 1 0 0 0 1
0.963658  0.130534  -0.233075 0.128823 0.969207  -0.0692329  -0.236316 0.0031704
0.0907659  -0.980572  -0.173897 0.0209214 -0.110221  -0.980131  -0.164905 -0.000585929
-0.251247  0.146422  -0.956784 0.887652 -0.220204  0.185874  -0.957581 0.485892
0 0 0 1 0 0 0 1
0.993112  -0.0226432  -0.114963 -0.0363086 0.986184  0.107113  -0.126367 -0.0763051
-0.00814399  -0.992116  0.125055 -0.123053 0.116818  -0.990536  0.072053 -0.008054
-0.116889  -0.123257  -0.985467 0.801487 -0.117453  -0.0858195  -0.989363 0.484983
0 0 0 1 0 0 0 1
0.912115  -0.406976  -0.0491587 0.0146594 0.965995  0.164202  -0.199728 -0.0284244
-0.335661  -0.810305  0.480352 0.140722 0.247851  -0.808078  0.534398 0.0465163
-0.235325  -0.421636  -0.875697 0.816088 -0.0736466  -0.565728  -0.821297 0.454276
0 0 0 1 0 0 0 1
0.964248  0.264612  0.0143416 -0.099136 0.979445  -0.184549  -0.0814262 -0.0267346
0.250922  -0.894279  -0.370544 -0.0974769 -0.201694  -0.890359  -0.408143 -0.0456998
-0.0852251  0.360895  -0.928704 0.650977 0.00282371  0.416177  -0.909279 0.470387
0 0 0 1 0 0 0 1
0.999355  0.0358859  -0.00161863 -0.166394 0.999491  -0.0317538  -0.00306141 -0.107195
0.0357219  -0.997522  -0.0606045 0.0195259 -0.0318783  -0.997793  -0.0582526 0.0223329
-0.00378946  0.0605076  -0.998161 0.654095 -0.00120491  0.0583205  -0.998297 0.491476
0 0 0 1 0 0 0 1
0.98946  -0.0860942  -0.116436 -0.0194489 0.993518  -0.00148773  -0.113665 -0.0381457
-0.0813623  -0.995677  0.044808 0.104326 0.00933241  -0.995471  0.0946021 0.0292721
-0.119791  -0.0348622  -0.992187 0.767895 -0.113291  -0.0950497  -0.989005 0.487903
0 0 0 1 0 0 0 1
0.980231  -0.197845  -0.00202127 -0.137417 0.980701  0.183313  -0.0679829 -0.0956641
-0.186101  -0.92542  0.330096 0.018867 0.195503  -0.92289  0.331743 0.0295663
-0.0671783  -0.323194  -0.943945 0.695214 -0.00192807  -0.338631  -0.940917 0.479229
0 0 0 1 0 0 0 1
0.932625  0.360302  -0.0198265 -0.0613077 0.976584  -0.163993  -0.139246 -0.0698176
0.317415  -0.845268  -0.42985 -0.15669 -0.211871  -0.845451  -0.490227 -0.0454567
-0.171634  0.394595  -0.902683 0.774126 -0.0373317  0.50825  -0.8604 0.462015
0 0 0 1 0 0 0 1
0.991617  0.0991852  -0.0828122 -0.0740054 0.988465  -0.107726  -0.106457 -0.0964285
0.0823113  -0.978932  -0.18686 0.0430977 -0.124335  -0.978552  -0.164248 -0.0024093
-0.0996013  0.178477  -0.97889 0.783059 -0.0864794  0.175589  -0.980658 0.487065
0 0 0 1 0 0 0 1
0.98855  0.066481  -0.135456 0.0526457 0.98994  -0.0586661  -0.128754 0.0773052
0.0511342  -0.992189  -0.113786 0.00455117 -0.0720196  -0.992211  -0.101635 -0.01644
-0.141963  0.105557  -0.984228 0.68212 -0.121788  0.109886  -0.986455 0.496261
0 0 0 1 0 0 0 1
0.984632  -0.00325117  -0.174609 0.096307 0.982864  -0.0312258  -0.181666 0.0350086
-0.00799425  -0.999618  -0.0264675 0.0638263 -0.0336955  -0.999377  -0.0105233 0.0190878
-0.174457  0.0274566  -0.984282 0.796936 -0.181225  0.0164643  -0.983304 0.496701
0 0 0 1 0 0 0 1
0.952903  0.151756  -0.262577 0.240571 0.959527  -0.0297673  -0.280039 0.0575265
0.11393  -0.981511  -0.153807 -0.0210432 -0.0811346  -0.981455  -0.173674 0.0129055
-0.281063  0.116647  -0.952574 0.919899 -0.269675  0.189366  -0.944148 0.499363
0 0 0 1 0 0 0 1
0.991792  0.0913248  -0.0894843 -0.0269572 0.994673  -0.0525017  -0.0887115 -0.00289851
0.0799084  -0.989088  -0.123773 -0.00806886 -0.0633159  -0.990278  -0.123855 0.0109491
-0.0998114  0.115607  -0.988268 0.700267 -0.0813465  0.128812  -0.988327 0.494685
0 0 0 1 0 0 0 1
0.978726  0.186903  -0.0846298 -0.0309225 0.988985  -0.0868494  -0.11986 -0.0645466
0.163882  -0.960332  -0.225621 -0.0503866 -0.115036  -0.960559  -0.253168 0.0010361
-0.123442  0.206951  -0.970532 0.792587 -0.0931454  0.264167  -0.959968 0.487872
0 0 0 1 0 0 0 1
0.887469  -0.459631  0.0337276 -0.0356261 0.952912  0.227614  -0.200376 -0.0423372
-0.393777  -0.718221  0.573672 0.152781 0.303244  -0.7186  0.625826 0.0602866
-0.239453  -0.522397  -0.818391 0.785287 -0.00154356  -0.657119  -0.753785 0.438488
0 0 0 1 0 0 0 1
0.992179  -0.122362  -0.0246552 -0.0507641 0.996076  0.0792493  -0.0393986 0.0644168
-0.116335  -0.978093  0.172627 0.0353408 0.085185  -0.979241  0.18393 4.43774e-05
-0.0452382  -0.168409  -0.984679 0.551859 -0.0240044  -0.186564  -0.982149 0.495946
0 0 0 1 0 0 0 1
0.985805  -0.0146832  -0.167251 -0.00433926 0.984275  -0.071078  -0.161715 -0.103249
-0.0282388  -0.996478  -0.0789618 0.100282 -0.0735082  -0.997253  -0.00908736 -0.00529511
-0.165503  0.0825639  -0.982747 0.881981 -0.160624  0.0208318  -0.986796 0.486791
0 0 0 1 0 0 0 1
0.993562  -0.0760306  -0.0839839 -0.0805944 0.985598  0.130086  -0.108047 -0.110516
-0.0580844  -0.978367  0.198554 -0.0795047 0.145301  -0.978324  0.147547 0.0129521
-0.0972633  -0.192398  -0.976485 0.794708 -0.0865108  -0.161121  -0.983136 0.488311
0 0 0 1 0 0 0 1
0.966076  -0.216597  -0.140651 0.0511277 0.987857  0.0196413  -0.154117 -0.0302344
-0.189928  -0.9649  0.181372 0.138264 0.0571837  -0.968307  0.24313 0.000337374
-0.174999  -0.148506  -0.973304 0.836247 -0.144457  -0.248991  -0.957672 0.490846
0 0 0 1 0 0 0 1
0.995606  -0.0928284  -0.0123474 -0.0750239 0.999495  0.0235881  -0.0212773 0.0250591
-0.0915666  -0.99263  0.0793763 0.044885 0.0259272  -0.992752  0.117351 -0.025735
-0.0196248  -0.0778969  -0.996768 0.575155 -0.018355  -0.117843  -0.992863 0.498661
0 0 0 1 0 0 0 1
0.965333  -0.260935  0.00674431 -0.0726467 0.978587  0.186435  -0.087235 0.00917831
-0.244537  -0.895028  0.372997 0.0732291 0.205789  -0.895107  0.395517 0.0348039
-0.0912914  -0.361715  -0.927808 0.621749 -0.00434656  -0.405  -0.914307 0.481369
0 0 0 1 0 0 0 1
0.995221  -0.0507015  -0.0834547 0.0293205 0.995619  0.0235524  -0.0904906 0.0849484
-0.0451686  -0.996737  0.0669025 -0.0150279 0.0303096  -0.996795  0.0740397 -0.0303775
-0.0865744  -0.0628132  -0.994263 0.635778 -0.0884567  -0.076458  -0.993141 0.501129
0 0 0 1 0 0 0 1
0.988088  -0.132542  -0.078197 -0.0016522 0.985282  0.132649  -0.107809 0.0482024
-0.10998  -0.963616  0.243615 -0.0428835 0.152862  -0.966017  0.208434 0.00137182
-0.107641  -0.232113  -0.966715 0.652533 -0.076497  -0.221846  -0.972076 0.498184
0 0 0 1 0 0 0 1
0.992293  0.116369  -0.0425672 -0.111544 0.998801  -0.00731419  -0.0483984 -0.103725
0.112314  -0.989796  -0.087691 -0.0818323 -0.0139237  -0.99038  -0.137674 0.0235267
-0.0523373  0.0822343  -0.995238 0.729443 -0.0469258  0.138183  -0.989294 0.496244
0 0 0 1 0 0 0 1
0.998891  0.0128576  -0.0453009 -0.126812 0.997172  0.0640401  -0.03933 -0.104387
0.0159666  -0.997492  0.06895 -0.0647523 0.0648612  -0.997694  0.0199683 0.0182243
-0.0443008  -0.0695968  -0.996591 0.710439 -0.0379606  -0.0224628  -0.999027 0.495785
0 0 0 1 0 0 0 1
0.99598  -0.0234712  -0.0864468 0.0266381 0.995574  -0.0366946  -0.0865232 0.0974295
-0.0254308  -0.999442  -0.0216364 0.0558357 -0.0357888  -0.999287  0.0119967 -0.0107748
-0.0858908  0.0237478  -0.996021 0.608097 -0.0869018  -0.008847  -0.996178 0.50199
0 0 0 1 0 0 0 1
0.936086  -0.344514  -0.0710907 0.0175353 0.98404  0.0946646  -0.150677 -0.0425759
-0.297891  -0.883834  0.360691 0.165248 0.151985  -0.887513  0.434995 0.0117628
-0.187095  -0.31646  -0.929972 0.816675 -0.092549  -0.450953  -0.887737 0.48065
0 0 0 1 0 0 0 1
0.994937  0.0747029  -0.0672277 0.0129016 0.997572  0.000711782  -0.0696372 0.0974636
0.0712855  -0.996106  -0.0518746 -0.0426464 -0.00524012  -0.996346  -0.08525 0.0272418
-0.0708411  0.0468196  -0.996388 0.587116 -0.0694435  0.085408  -0.993923 0.504422
0 0 0 1 0 0 0 1
0.976067  -0.040948  -0.213579 0.1702 0.975358  0.0103252  -0.220385 0.0726311
-0.0323467  -0.998525  0.043614 0.0207317 0.0214221  -0.998617  0.048022 0.00644461
-0.215049  -0.0356617  -0.975952 0.827409 -0.219584  -0.0515598  -0.97423 0.50528
0 0 0 1 0 0 0 1
0.999339  0.0361543  0.00384629 -0.0571359 0.999373  -0.0353953  0.00112639 0.104189
0.0363337  -0.996953  -0.0690313 -0.00487763 -0.0352716  -0.997713  -0.0576545 -0.00591363
0.00133879  0.0691254  -0.997607 0.469361 0.00316452  0.0575787  -0.998336 0.499403
0 0 0 1 0 0 0 1
0.993364  0.0668955  -0.0935625 -0.0253545 0.99636  0.0223745  -0.0822583 0.00374738
0.0653523  -0.997672  -0.0194651 -0.068423 0.0171179  -0.997799  -0.0640629 0.0214728
-0.0946468  0.0132214  -0.995423 0.68234 -0.0835106  0.0624216  -0.99455 0.500302
0 0 0 1 0 0 0 1
0.999752  -0.0176893  0.0134953 -0.122412 0.99935  -0.0337126  0.0127908 -0.0138718
-0.0172624  -0.999367  -0.031121 0.0391979 -0.0337189  -0.999431  0.000277333 -0.0150835
0.0140372  0.0308804  -0.999425 0.557571 0.0127742  -0.000708444  -0.999918 0.501205
0 0 0 1 0 0 0 1
0.996651  0.00488183  -0.0816244 -0.0661506 0.996536  -0.0334023  -0.0761612 -0.0498308
0.00261471  -0.999608  -0.027859 0.0086783 -0.0351564  -0.999144  -0.0218087 -0.0272357
-0.0817285  0.0275522  -0.996274 0.712883 -0.0753675  0.0244107  -0.996857 0.499181
0 0 0 1 0 0 0 1
0.929166  0.367013  0.0441836 -0.104854 0.950491  -0.271816  -0.150605 -0.0553399
0.33035  -0.770759  -0.544793 -0.0816992 -0.30861  -0.76889  -0.559971 -0.0608669
-0.165892  0.520799  -0.837406 0.699587 0.0364102  0.578726  -0.814709 0.455795
0 0 0 1 0 0 0 1
0.993229  -0.115455  -0.0128567 -0.13899 0.989508  0.13978  -0.0365539 -0.0861224
-0.109334  -0.966448  0.232434 -0.0152891 0.144369  -0.966514  0.21215 0.0190779
-0.039261  -0.229454  -0.972527 0.661249 -0.00567561  -0.215201  -0.976553 0.495579
0 0 0 1 0 0 0 1
0.993241  0.110516  -0.0354882 -0.0284584 0.996157  -0.0722689  -0.0494805 0.0751119
0.103684  -0.98218  -0.156753 -0.023088 -0.0795111  -0.983106  -0.164865 0.006505
-0.0521795  0.152014  -0.987 0.562827 -0.03673  0.168165  -0.985074 0.502131
0 0 0 1 0 0 0 1
0.988086  0.103286  -0.114098 -0.00366492 0.984142  -0.126722  -0.124119 -0.019637
0.0770811  -0.973789  -0.213995 0.078576 -0.147659  -0.973002  -0.177383 0.00688943
-0.13321  0.20265  -0.970148 0.754201 -0.0982902  0.192897  -0.976284 0.500536
0 0 0 1 0 0 0 1
0.990095  -0.0859597  -0.111011 -0.0110926 0.983511  0.127678  -0.128083 -0.0376301
-0.0632962  -0.979042  0.193574 -0.0744553 0.147068  -0.976817  0.15556 0.0158634
-0.125324  -0.18463  -0.974785 0.769587 -0.105252  -0.171832  -0.979487 0.49663
0 0 0 1 0 0 0 1
0.993527  -0.0909439  -0.0680706 -0.047264 0.993759  0.0638425  -0.0914703 -0.0508314
-0.0809171  -0.987146  0.137822 -0.00941333 0.0761984  -0.987402  0.138674 -0.0150654
-0.0797298  -0.131422  -0.988115 0.743268 -0.0814647  -0.144779  -0.986105 0.500183
0 0 0 1 0 0 0 1
0.99942  -0.030198  -0.0157197 -0.0321732 0.999874  -0.00285104  -0.015606 0.111491
-0.0298684  -0.999337  0.0207973 0.0156737 -0.00225298  -0.999267  0.0382071 -0.0182547
-0.0163373  -0.0203157  -0.99966 0.495499 -0.0157035  -0.0381671  -0.999148 0.503782
0 0 0 1 0 0 0 1
0.944344  -0.328742  0.0119893 -0.046183 0.973127  0.198404  -0.116872 0.00933508
-0.299979  -0.845617  0.441525 0.108611 0.230229  -0.847556  0.478166 0.0319564
-0.13501  -0.420548  -0.897169 0.657792 -0.00418597  -0.492224  -0.870458 0.481489
0 0 0 1 0 0 0 1
0.991347  0.128246  -0.0279975 -0.0857944 0.987398  -0.143067  -0.0676504 -0.0332539
0.117604  -0.962475  -0.244562 0.0301545 -0.154925  -0.961088  -0.228709 -0.00604476
-0.058311  0.239153  -0.969229 0.656509 -0.0322973  0.236307  -0.971141 0.498542
0 0 0 1 0 0 0 1
0.991718  -0.0699561  -0.107715 0.0409809 0.989229  0.0911554  -0.114532 0.0764002
-0.0530894  -0.986926  0.152178 -0.036152 0.10553  -0.986344  0.126448 0.0185878
-0.116952  -0.145199  -0.982466 0.663113 -0.101442  -0.137173  -0.985339 0.504508
0 0 0 1 0 0 0 1
0.991208  0.0545676  -0.120535 0.0421569 0.992862  0.0203019  -0.117527 0.0509522
0.0534071  -0.99849  -0.01284 -0.109113 0.0144824  -0.998636  -0.0501599 -0.0372672
-0.121053  0.00628976  -0.992626 0.701532 -0.118385  0.0480998  -0.991802 0.504774
0 0 0 1 0 0 0 1
0.978037  -0.140926  -0.15357 0.0901111 0.989061  0.00992796  -0.147174 0.0716365
-0.123125  -0.985124  0.119876 0.113198 0.0341416  -0.986047  0.162928 0.0199711
-0.168179  -0.0983347  -0.980839 0.728055 -0.143503  -0.16617  -0.975599 0.50383
0 0 0 1 0 0 0 1
0.989585  -0.125736  -0.0700917 -0.097533 0.976975  0.185513  -0.105382 -0.110779
-0.0999609  -0.950583  0.29394 -0.0925547 0.205889  -0.949277  0.237661 0.014738
-0.103587  -0.283872  -0.953251 0.765097 -0.0559474  -0.253886  -0.965615 0.492811
0 0 0 1 0 0 0 1
0.983195  0.176868  -0.0452285 -0.0167725 0.994461  -0.077292  -0.0712257 0.0446082
0.163938  -0.96439  -0.207547 -0.0749698 -0.0924104  -0.965826  -0.242159 0.0010523
-0.0803264  0.196645  -0.977179 0.628436 -0.0500747  0.2474  -0.967619 0.501946
0 0 0 1 0 0 0 1
0.981454  -0.177714  -0.0718718 -0.0226378 0.995068  0.0550465  -0.0825192 0.00480691
-0.163543  -0.971828  0.169718 0.0811207 0.0728808  -0.970041  0.231753 -0.0153805
-0.100008  -0.154817  -0.982868 0.683322 -0.0672898  -0.236624  -0.969268 0.502935
0 0 0 1 0 0 0 1
0.960917  -0.26227  -0.0886207 0.0537752 0.977142  0.128841  -0.169098 0.0283943
-0.219748  -0.917316  0.332028 0.0806925 0.182762  -0.915419  0.358616 0.0415744
-0.168374  -0.299577  -0.939097 0.757117 -0.108592  -0.381323  -0.918042 0.491138
0 0 0 1 0 0 0 1
0.989542  0.069047  -0.126645 -0.0313607 0.992124  0.0524961  -0.113732 -0.085282
0.0720458  -0.997216  0.0192477 -0.15164 0.0460376  -0.997214  -0.05869 -0.0289269
-0.124963  -0.0281706  -0.991761 0.81109 -0.116496  0.0529918  -0.991776 0.499336
0 0 0 1 0 0 0 1
0.999026  0.0162001  -0.0410468 -0.0682521 0.998531  0.0392293  -0.0373875 -0.00394556
0.0180874  -0.998776  0.0460317 -0.073181 0.0392274  -0.99923  -0.000785685 -0.0128711
-0.0402509  -0.0467293  -0.998096 0.629652 -0.0373895  -0.000682082  -0.999301 0.504753
0 0 0 1 0 0 0 1
0.899268  0.43661  -0.0262389 0.0142464 0.955573  -0.193898  -0.222001 -0.0421687
0.354077  -0.761873  -0.542382 -0.128991 -0.289029  -0.76413  -0.576687 -0.0589038
-0.2568  0.478457  -0.839722 0.834486 -0.0578192  0.615231  -0.786224 0.455499
0 0 0 1 0 0 0 1
0.992473  -0.0508222  -0.11142 -0.0497832 0.994184  -0.0489725  -0.0959163 -0.0838425
-0.0542256  -0.998144  -0.0277291 0.140581 -0.0457638  -0.998326  0.0353732 0.0361794
-0.109804  0.0335622  -0.993386 0.784499 -0.097488  -0.030778  -0.994761 0.500934
0 0 0 1 0 0 0 1
0.990199  0.047415  -0.131368 0.0236205 0.990558  -0.0322741  -0.133242 -0.0178723
0.0369962  -0.996056  -0.0806467 -0.0240381 -0.0412856  -0.997003  -0.065433 -0.0267062
-0.134673  0.0749962  -0.988048 0.785281 -0.130731  0.0703162  -0.988921 0.503198
0 0 0 1 0 0 0 1
0.986997  -0.160621  0.00620939 -0.0592398 0.987482  0.151011  -0.0455504 0.0574251
-0.15638  -0.950562  0.268284 0.0090961 0.157713  -0.949793  0.270222 0.0113148
-0.0371898  -0.265767  -0.96332 0.543729 -0.00245692  -0.274023  -0.96172 0.502755
0 0 0 1 0 0 0 1
0.973037  0.16616  -0.159967 0.0547005 0.986911  0.0163467  -0.160433 -0.0403849
0.152011  -0.983603  -0.0970416 -0.132047 -0.0120989  -0.98454  -0.174742 0.0138405
-0.173469  0.0701084  -0.982341 0.849801 -0.160809  0.174396  -0.971456 0.501769
0 0 0 1 0 0 0 1
0.932578  -0.359829  0.028658 -0.0900272 0.968735  0.211129  -0.130298 -0.0704114
-0.328135  -0.811991  0.482699 0.136985 0.248048  -0.813627  0.525817 0.0507257
-0.150419  -0.459558  -0.875317 0.729585 0.00500138  -0.541697  -0.840559 0.468042
0 0 0 1 0 0 0 1
0.980301  -0.195073  -0.030929 -0.0953286 0.989955  0.114857  -0.0824489 -0.0987627
-0.181342  -0.951002  0.25042 0.0687526 0.133928  -0.948677  0.286486 0.020387
-0.0782638  -0.239879  -0.967643 0.750725 -0.0453124  -0.294651  -0.95453 0.494678
0 0 0 1 0 0 0 1
0.991233  -0.0457417  -0.123954 0.00981742 0.992796  0.0160702  -0.118737 -0.00500399
-0.0389909  -0.997649  0.0563526 -0.00605687 0.0233028  -0.99794  0.0597776 -0.0277506
-0.12624  -0.0510254  -0.990687 0.743672 -0.117532  -0.0621138  -0.991125 0.507814
0 0 0 1 0 0 0 1
0.961605  0.26132  -0.0838311 0.0381768 0.982043  -0.111722  -0.152019 0.0114422
0.222666  -0.921473  -0.318289 -0.110767 -0.159133  -0.923362  -0.3494 -0.0420222
-0.160423  0.287402  -0.94428 0.762428 -0.101333  0.367317  -0.924559 0.49491
0 0 0 1 0 0 0 1
0.993408  0.087096  -0.0745283 -0.00187994 0.986299  -0.137194  -0.0916122 0.0456464
0.0697271  -0.975169  -0.2102 0.0675991 -0.15099  -0.974454  -0.166259 -0.0208021
-0.0909852  0.203618  -0.974813 0.646587 -0.0664621  0.177813  -0.981817 0.508077
0 0 0 1 0 0 0 1
0.990089  0.0832125  -0.113134 -0.0182926 0.972475  -0.17132  -0.157931 -0.0888988
0.0509307  -0.963469  -0.262934 0.148815 -0.197878  -0.965103  -0.171527 -0.00681468
-0.13088  0.254566  -0.958158 0.82858 -0.123034  0.198056  -0.972438 0.49857
0 0 0 1 0 0 0 1
0.96913  0.214927  -0.120808 -0.0189499 0.974567  -0.148335  -0.167973 -0.0922126
0.167456  -0.933425  -0.317295 -0.00576619 -0.195231  -0.92999  -0.311453 -0.0264968
-0.18096  0.28727  -0.9406 0.849338 -0.110014  0.336326  -0.935298 0.491155
0 0 0 1 0 0 0 1
0.967739  -0.244797  -0.0596297 -0.0134739 0.981777  0.137608  -0.131064 -0.0217821
-0.212717  -0.920655  0.327332 0.0569656 0.17506  -0.923252  0.341993 0.0153603
-0.135028  -0.304088  -0.943026 0.744653 -0.0739442  -0.358705  -0.930517 0.498345
0 0 0 1 0 0 0 1
0.974379  0.217273  -0.0581255 -0.00758073 0.965465  -0.215191  -0.146868 0.0120933
0.176471  -0.898766  -0.401344 0.0561806 -0.254297  -0.900952  -0.351594 -0.0263679
-0.139443  0.380804  -0.914081 0.695467 -0.056661  0.3768  -0.92456 0.498644
0 0 0 1 0 0 0 1
0.994072  -0.0404955  -0.1009 0.0133996 0.994699  -0.0334659  -0.0972289 0.0106893
-0.0400484  -0.999177  0.00645415 0.117763 -0.0302878  -0.998963  0.033981 0.0412016
-0.101078  -0.00237503  -0.994876 0.71962 -0.0982654  -0.030856  -0.994682 0.510691
0 0 0 1 0 0 0 1
0.994242  -0.0375024  -0.100377 0.0718295 0.99189  0.0452329  -0.118775 0.0982404
-0.0298946  -0.99664  0.0762513 0.00498251 0.0528992  -0.996661  0.0622047 0.028006
-0.1029  -0.0728116  -0.992023 0.66201 -0.115564  -0.0679833  -0.990971 0.515092
0 0 0 1 0 0 0 1
0.999207  -0.0366167  0.0156614 -0.154782 0.998721  -0.0479312  0.0161064 -0.0897722
-0.0359585  -0.998535  -0.0404264 0.0552787 -0.0481164  -0.998778  0.0113167 -0.0325663
0.0171188  0.0398312  -0.99906 0.62056 0.0155442  -0.0120772  -0.999806 0.512344
0 0 0 1 0 0 0 1
0.995702  0.092219  0.00857982 -0.154774 0.996841  -0.0792454  -0.00527682 -0.111486
0.0925201  -0.986141  -0.13772 -0.0507299 -0.0791482  -0.985723  -0.148616 -0.0393348
-0.00423948  0.137922  -0.990434 0.66982 0.00657565  0.148564  -0.988881 0.507233
0 0 0 1 0 0 0 1
0.96705  -0.220944  -0.126483 0.0460338 0.96047  0.186858  -0.206353 -0.0288489
-0.16039  -0.91456  0.371287 -0.0736183 0.247746  -0.911803  0.327471 0.0183594
-0.19771  -0.338767  -0.919863 0.832428 -0.126963  -0.36565  -0.922053 0.496821
0 0 0 1 0 0 0 1
0.942559  0.33259  0.0310725 -0.0620101 0.967827  -0.224052  -0.114504 0.000633968
0.30906  -0.833003  -0.458898 -0.110239 -0.25099  -0.827591  -0.502092 -0.050881
-0.126742  0.442142  -0.887945 0.650688 0.0177327  0.514678  -0.8572 0.482009
0 0 0 1 0 0 0 1
0.978357  -0.206926  5.98097e-05 -0.135838 0.962253  0.252939  -0.100451 -0.110922
-0.187319  -0.885529  0.425146 -0.0526455 0.27211  -0.887376  0.372183 0.0366019
-0.0879209  -0.415956  -0.905125 0.706849 0.00500209  -0.385468  -0.922708 0.490664
0 0 0 1 0 0 0 1
0.959186  -0.259725  -0.111829 0.0512361 0.984667  0.0613112  -0.163317 -0.015818
-0.224488  -0.939871  0.257385 0.159213 0.111579  -0.941006  0.319465 0.0398635
-0.171955  -0.221776  -0.959816 0.812132 -0.134096  -0.332789  -0.933418 0.498303
0 0 0 1 0 0 0 1
0.976524  -0.14402  -0.160183 0.0462564 0.986141  0.00967248  -0.165625 -0.0610532
-0.126177  -0.98514  0.116524 0.0829339 0.0364578  -0.986531  0.159458 -0.0122584
-0.174585  -0.0935768  -0.980185 0.872077 -0.161852  -0.163287  -0.973212 0.506849
0 0 0 1 0 0 0 1
0.995879  0.0906475  0.00281026 -0.0702556 0.995143  -0.0973666  -0.0145034 0.0479691
0.0898645  -0.982155  -0.165217 -0.0367025 -0.0984322  -0.982235  -0.159766 -0.0422356
-0.0122164  0.164789  -0.986253 0.53477 0.00131017  0.160418  -0.987048 0.508608
0 0 0 1 0 0 0 1
0.99846  0.0163934  -0.0530063 -0.0265134 0.993803  -0.0967489  -0.0547256 0.0359845
0.00954321  -0.991858  -0.126993 0.0699161 -0.10062  -0.992238  -0.0730695 -0.0263142
-0.0546565  0.126291  -0.990486 0.617906 -0.0472314  0.0781232  -0.995824 0.512992
0 0 0 1 0 0 0 1
0.97792  -0.16834  -0.123833 0.0368535 0.979803  0.112916  -0.165032 -0.0261533
-0.132104  -0.957107  0.257868 0.00572964 0.150943  -0.95896  0.240026 0.0252337
-0.161931  -0.235815  -0.958212 0.813744 -0.131157  -0.260089  -0.956636 0.50272
0 0 0 1 0 0 0 1
0.998725  0.0448578  -0.0231709 -0.132289 0.999864  0.0060343  -0.0153685 -0.108607
0.044384  -0.998803  -0.0205761 -0.100656 0.0052309  -0.998644  -0.0517903 -0.0482005
-0.0240662  0.0195214  -0.99952 0.694923 -0.0156602  0.0517028  -0.99854 0.512474
0 0 0 1 0 0 0 1
0.99138  -0.13033  0.013398 -0.0952924 0.992783  0.117849  -0.0222125 -0.00902342
-0.130158  -0.968037  0.214392 0.0349781 0.119856  -0.96883  0.216801 0.0226999
-0.0149719  -0.214288  -0.976656 0.590959 0.00402961  -0.217898  -0.975963 0.508911
0 0 0 1 0 0 0 1
0.986885  0.160585  -0.0164608 -0.137942 0.972501  -0.219843  -0.0768871 -0.118598
0.144317  -0.923375  -0.355741 0.0551715 -0.232858  -0.92406  -0.303134 -0.0349995
-0.072326  0.348699  -0.93444 0.711685 -0.00440662  0.312701  -0.949841 0.497977
0 0 0 1 0 0 0 1
0.972555  -0.208296  -0.103679 0.0679838 0.990213  0.0613452  -0.125361 0.0603215
-0.182825  -0.95975  0.213203 0.0986022 0.0929464  -0.959912  0.264443 0.00492785
-0.143916  -0.188397  -0.971491 0.713738 -0.104113  -0.273507  -0.956219 0.513778
0 0 0 1 0 0 0 1
0.998984  -0.0449745  0.00282633 -0.0515457 0.99696  0.0779112  -5.09425e-05 0.101589
-0.045003  -0.992446  0.114129 0.00987625 0.0775432  -0.992187  0.0977309 0.0410524
-0.00232793  -0.114141  -0.993462 0.471036 0.00756378  -0.0974378  -0.995213 0.512261
0 0 0 1 0 0 0 1
