0.962747  0.250508  0.101801 0.0603629 0.954381  -0.295798  -0.0407431 -0.260588
0.268223  -0.837009  -0.476941 -0.230299 -0.279578  -0.837337  -0.46979 -0.241347
-0.0342694  0.486479  -0.87302 0.921008 0.104848  0.45975  -0.881837 0.883177
0 0 0 1 0 0 0 1
0.998093  0.0603695  -0.0128523 0.232252 0.984616  -0.168723  -0.0454219 -0.254985
0.055681  -0.970511  -0.234538 0.249649 -0.173816  -0.972342  -0.156007 0.122205
-0.0266323  0.233375  -0.972022 1.06893 -0.0178436  0.161503  -0.986711 1.0131
0 0 0 1 0 0 0 1
0.977466  0.152505  0.145956 0.0359999 0.926108  -0.37674  0.0197506 -0.42202
0.206338  -0.836209  -0.508114 -0.00511146 -0.332122  -0.83902  -0.430976 -0.135127
0.0445596  0.52678  -0.848833 0.975033 0.178937  0.392571  -0.902147 1.02685
0 0 0 1 0 0 0 1
0.967995  0.24451  0.0565811 0.189933 0.901371  -0.407503  -0.146532 -0.233332
0.226619  -0.754692  -0.615698 0.105826 -0.422648  -0.754123  -0.502659 -0.102931
-0.107843  0.608815  -0.785948 0.979848 0.0943315  0.515014  -0.851975 0.977974
0 0 0 1 0 0 0 1
0.949879  -0.312561  -0.00594874 0.290884 0.927883  0.315182  -0.199234 -0.129365
-0.251541  -0.77546  0.579128 -0.159976 0.372836  -0.776752  0.507592 -0.0335084
-0.185626  -0.548606  -0.815215 1.01782 0.00522864  -0.545268  -0.838246 0.940365
0 0 0 1 0 0 0 1
0.97637  0.213434  -0.0338691 0.238095 0.988626  -0.125925  -0.0822335 -0.145923
0.195429  -0.93894  -0.283193 -0.245005 -0.145296  -0.940885  -0.305981 -0.193793
-0.0922442  0.269882  -0.958465 1.00006 -0.0388415  0.314449  -0.948479 0.906511
0 0 0 1 0 0 0 1
0.941368  -0.332683  0.0561036 0.0764603 0.906865  0.37284  -0.196434 -0.240377
-0.2887  -0.708276  0.644203 -0.13049 0.41502  -0.709201  0.569905 0.00473933
-0.174579  -0.62263  -0.762794 0.985495 0.0731716  -0.598351  -0.797886 0.801274
0 0 0 1 0 0 0 1
0.863099  -0.379769  0.332919 0.0437359 0.831824  0.528112  -0.170785 -0.294917
-0.48085  -0.416394  0.771622 -0.115359 0.429015  -0.416532  0.801529 -0.170063
-0.154413  -0.82607  -0.542001 0.865693 0.352159  -0.74  -0.573048 0.948439
0 0 0 1 0 0 0 1
0.948401  -0.297544  -0.109563 0.248716 0.895371  0.332856  -0.295834 -0.119505
-0.173907  -0.777064  0.604919 -0.18954 0.438673  -0.773617  0.457256 0.0902432
-0.265128  -0.554652  -0.788713 1.02547 -0.0766613  -0.539188  -0.838689 0.773648
0 0 0 1 0 0 0 1
0.881885  -0.417402  0.219212 0.113135 0.841479  0.474187  -0.25896 -0.148397
-0.408678  -0.444953  0.796868 -0.0659641 0.483323  -0.446438  0.753055 0.0136145
-0.235075  -0.792334  -0.56298 0.846429 0.241479  -0.758841  -0.604853 0.852535
0 0 0 1 0 0 0 1
0.972197  -0.216744  0.0886296 0.0364514 0.917402  0.38916  -0.0832363 -0.376894
-0.227404  -0.783593  0.578161 -0.180178 0.378528  -0.788738  0.484364 -0.0217381
-0.0558632  -0.582241  -0.811095 1.0169 0.122844  -0.475864  -0.870898 0.928935
0 0 0 1 0 0 0 1
0.832977  0.470611  0.290989 0.188468 0.953559  -0.301157  -0.00539191 -0.14964
0.548212  -0.630743  -0.549206 -0.1892 -0.203848  -0.632062  -0.747626 0.17458
-0.0749232  0.617  -0.783389 0.827465 0.221745  0.714005  -0.664098 0.933213
0 0 0 1 0 0 0 1
0.969512  -0.220415  0.107069 0.0833845 0.896108  0.432834  -0.0982074 -0.332678
-0.238594  -0.749519  0.61749 -0.0864895 0.417407  -0.746644  0.517971 0.102613
-0.0558536  -0.62421  -0.779258 0.971759 0.150869  -0.50515  -0.849742 0.971995
0 0 0 1 0 0 0 1
0.959175  0.26374  0.102096 0.13965 0.942827  -0.326982  -0.0644985 -0.262792
0.277468  -0.807745  -0.520153 -0.000671389 -0.313691  -0.805251  -0.503159 -0.0396244
-0.0547181  0.527246  -0.847949 0.971757 0.112587  0.494624  -0.861784 0.972198
0 0 0 1 0 0 0 1
0.892318  -0.440674  0.0978528 0.121227 0.947153  0.274903  -0.165315 -0.0954881
-0.406582  -0.690423  0.598337 0.153639 0.314209  -0.691273  0.650703 0.0572088
-0.196112  -0.573692  -0.795247 0.881899 0.0646022  -0.668259  -0.741118 0.725225
0 0 0 1 0 0 0 1
0.979582  0.160642  -0.120888 0.353992 0.954598  -0.230837  -0.188299 -0.119859
0.103666  -0.918787  -0.3809 0.25224 -0.277855  -0.917874  -0.28338 0.071086
-0.172259  0.36059  -0.91668 1.0822 -0.10742  0.322834  -0.94034 0.938167
0 0 0 1 0 0 0 1
0.960575  0.276682  0.0272424 0.179434 0.930301  -0.332746  -0.154338 -0.146702
0.24445  -0.793849  -0.55682 -0.093033 -0.36456  -0.792387  -0.4891 -0.220288
-0.132436  0.541527  -0.830186 0.936602 0.0404502  0.511276  -0.858464 0.866707
0 0 0 1 0 0 0 1
0.960708  -0.271173  -0.0592006 0.246536 0.969074  0.189054  -0.158597 -0.0872935
-0.225673  -0.887312  0.402181 0.169706 0.237745  -0.887487  0.394771 0.183965
-0.16159  -0.373018  -0.913644 0.980719 -0.06612  -0.420268  -0.904988 0.821872
0 0 0 1 0 0 0 1
0.959482  -0.228597  0.164737 0.0512524 0.94257  0.333758  0.0129474 -0.360161
-0.280712  -0.826133  0.488574 0.0751415 0.28524  -0.824507  0.488699 0.0825892
0.0244075  -0.515022  -0.85683 0.959005 0.173783  -0.45694  -0.872356 0.985431
0 0 0 1 0 0 0 1
0.953384  0.280133  0.112183 0.00362854 0.863983  -0.472304  -0.174536 -0.313371
0.274951  -0.653235  -0.705468 0.0547982 -0.475201  -0.650222  -0.592787 -0.15483
-0.124344  0.703427  -0.699807 0.926868 0.166488  0.595097  -0.786219 0.845206
0 0 0 1 0 0 0 1
0.918828  0.382484  0.0972722 0.230008 0.897951  -0.385908  -0.211566 -0.0459116
0.339508  -0.640378  -0.688949 -0.0903339 -0.425367  -0.637704  -0.642181 -0.182169
-0.201221  0.66605  -0.718253 0.849641 0.112907  0.66664  -0.736779 0.868897
0 0 0 1 0 0 0 1
0.836146  0.430783  0.339539 0.198077 0.911996  -0.407463  -0.047299 -0.162716
0.540917  -0.54497  -0.640638 -0.0555575 -0.284299  -0.544746  -0.78894 0.217763
-0.090937  0.719329  -0.688692 0.81438 0.295698  0.732957  -0.612647 1.00763
0 0 0 1 0 0 0 1
0.915955  -0.385995  0.1097 0.189015 0.989137  0.146064  -0.01654 -0.194055
-0.397106  -0.832566  0.386187 0.194039 0.132215  -0.834843  0.534375 -0.0843558
-0.0577341  -0.397292  -0.915874 0.956726 0.0642447  -0.530757  -0.845086 0.912896
0 0 0 1 0 0 0 1
0.998521  -0.054354  -0.00111706 0.210198 0.999584  -0.0287754  -0.00216054 -0.264776
-0.0543445  -0.998496  0.00725936 0.189433 -0.0286611  -0.998728  0.0414906 0.105872
-0.00150996  -0.00718791  -0.999973 1.0522 -0.00335171  -0.0414114  -0.999137 1.01777
0 0 0 1 0 0 0 1
0.998614  -0.052276  0.00610496 0.293888 0.999658  -0.0255259  0.00562379 -0.223442
-0.0522684  -0.998632  -0.00139414 0.18908 -0.0257618  -0.998567  0.0468997 0.106251
0.00616949  0.00107311  -0.99998 1.0503 0.00441858  -0.0470286  -0.998884 1.09252
0 0 0 1 0 0 0 1
0.998663  -0.0514399  0.005033 0.0840439 0.999662  -0.0256083  0.0045549 -0.328127
-0.0514358  -0.998676  -0.000941882 0.189146 -0.0258047  -0.998409  0.0501444 0.105986
0.00507479  0.000681747  -0.999987 1.05193 0.00326354  -0.0502449  -0.998732 0.909122
0 0 0 1 0 0 0 1
0.99851  -0.0545387  0.00167592 0.252173 0.999629  -0.0265818  -0.00585824 -0.243868
-0.05455  -0.998481  0.00772785 0.230907 -0.0262991  -0.998687  0.0439515 0.148466
0.00125191  -0.00780775  -0.999969 1.05018 -0.00701886  -0.0437811  -0.999016 1.05332
0 0 0 1 0 0 0 1
0.998622  0.0523352  -0.00376534 0.273125 0.999626  0.0270362  0.00422035 -0.233313
0.0523406  -0.998628  0.0013752 -0.0836791 0.0272144  -0.998364  -0.0502933 -0.00127421
-0.00368821  -0.00157039  -0.999992 1.05068 0.00285371  0.0503894  -0.998726 1.07248
0 0 0 1 0 0 0 1
0.998592  -0.0530441  0.000680506 0.167584 0.999636  -0.0268326  -0.00288343 -0.286163
-0.0530442  -0.998592  0.000208085 0.147047 -0.026687  -0.998751  0.0422376 0.0641681
0.00066851  -0.000243889  -1 1.04983 -0.00401318  -0.0421453  -0.999103 0.981467
0 0 0 1 0 0 0 1
0.998647  -0.0519497  0.00217709 0.0841851 0.999645  -0.0262859  0.00427492 -0.32828
-0.0519569  -0.998643  0.00342576 0.10499 -0.0264436  -0.998752  0.0423781 0.0223853
0.00199617  -0.00353424  -0.999992 1.05014 0.00315563  -0.0424761  -0.999092 0.910343
0 0 0 1 0 0 0 1
0.998546  0.0538942  0.00111804 0.105276 0.999651  0.02632  0.0020368 -0.31753
0.0538964  -0.998544  -0.00208294 0.0842111 0.0263845  -0.998664  -0.0444383 0.166916
0.00100415  0.00214017  -0.999997 1.05275 0.000864465  0.0444765  -0.99901 0.927699
0 0 0 1 0 0 0 1
0.99854  0.0530449  -0.010161 0.147055 0.999632  0.0269346  0.00319412 -0.297076
0.0530006  -0.998584  -0.0045775 0.126355 0.027046  -0.998731  -0.0424756 0.209369
-0.0103895  0.00403228  -0.999938 1.05337 0.002046  0.0425463  -0.999092 0.965309
0 0 0 1 0 0 0 1
0.998621  0.0523566  0.00390021 0.1898 0.999656  0.0261273  -0.00245647 -0.276023
0.0523864  -0.998595  -0.00795403 -0.000103658 0.0259672  -0.998349  -0.0512361 0.0832272
0.00347828  0.00814738  -0.999961 1.05117 -0.00379108  0.0511547  -0.998684 1.00086
0 0 0 1 0 0 0 1
0.998551  -0.0538111  0.000334183 0.2102 0.999644  -0.0264945  0.00319701 -0.264623
-0.0538087  -0.998539  -0.00496071 0.104916 -0.0266206  -0.998413  0.0496321 0.0217444
0.000600636  0.00493554  -0.999988 1.05103 0.00187696  -0.0496995  -0.998762 1.01738
0 0 0 1 0 0 0 1
0.998714  0.0506985  -0.00029882 0.189041 0.999658  0.0257611  0.00458748 -0.275406
0.0506983  -0.998714  -0.000534382 0.167911 0.0259449  -0.998606  -0.045975 0.251647
-0.000325528  0.000518545  -1 1.0502 0.00339671  0.0460783  -0.998932 1.00091
0 0 0 1 0 0 0 1
0.998524  0.05408  0.00501965 0.188739 0.999649  0.0258581  -0.00576515 -0.275774
0.0541117  -0.998514  -0.00641726 0.0838217 0.0255526  -0.998524  -0.0479162 0.166977
0.00466515  0.00667941  -0.999967 1.04906 -0.00699566  0.0477521  -0.998835 0.999663
0 0 0 1 0 0 0 1
0.998596  0.0526802  0.00553854 0.273248 0.999651  0.0262481  0.00300232 -0.23312
0.0526613  -0.998606  0.00350219 -0.210014 0.0263636  -0.998454  -0.0489275 -0.127278
0.00571532  -0.00320561  -0.999979 1.05096 0.00171343  0.0489895  -0.998798 1.07246
0 0 0 1 0 0 0 1
0.998649  -0.0519507  0.000846695 0.0842953 0.99969  -0.0248391  -0.00175027 -0.328207
-0.0519507  -0.99865  -2.44716e-05 -0.0631199 -0.024723  -0.998482  0.0492211 -0.146219
0.000846823  -1.95478e-05  -1 1.05198 -0.00297023  -0.0491625  -0.998786 0.909329
0 0 0 1 0 0 0 1
0.998535  -0.0540044  0.00335849 0.126145 0.999659  -0.0260744  0.00143653 -0.30693
-0.0540308  -0.998505  0.0083236 -0.0207788 -0.0261138  -0.998323  0.0516731 -0.104028
0.00290395  -0.00849287  -0.99996 1.05055 8.67721e-05  -0.051693  -0.998663 0.944665
0 0 0 1 0 0 0 1
0.99861  0.0525541  -0.00408092 0.0630158 0.999603  0.0275388  0.0059454 -0.338705
0.0525245  -0.998595  -0.00704633 0.0418924 0.027758  -0.998789  -0.0406303 0.125372
-0.0044455  0.00682219  -0.999967 1.05209 0.00481929  0.0407792  -0.999157 0.891471
0 0 0 1 0 0 0 1
0.998643  0.0520576  -0.0016883 0.147051 0.999643  0.0266882  -0.00115412 -0.296129
0.0520451  -0.998622  -0.00672458 0.0422395 0.0266221  -0.99887  -0.03936 0.125074
-0.00203604  0.00662758  -0.999976 1.05106 -0.00220326  0.0393152  -0.999224 0.962239
0 0 0 1 0 0 0 1
0.998666  0.0509999  -0.00803592 0.147435 0.999672  0.0245024  -0.00749384 -0.296263
0.0510124  -0.998697  0.0013621 -0.0419594 0.0241431  -0.998706  -0.0447664 0.0408742
-0.00795598  -0.00177021  -0.999967 1.0533 -0.00858102  0.0445708  -0.998969 0.963452
0 0 0 1 0 0 0 1
0.998586  -0.0531408  0.00142805 0.125892 0.99968  -0.0247579  -0.00521819 -0.306604
-0.0531329  -0.998574  -0.00511047 -0.105193 -0.0244868  -0.998603  0.04682 -0.187764
0.00169759  0.00502737  -0.999986 1.05067 -0.00637007  -0.0466772  -0.99889 0.943774
0 0 0 1 0 0 0 1
0.99867  0.0512749  0.00541079 0.105092 0.999656  0.0260269  0.0032915 -0.317917
0.0512347  -0.99866  0.00732244 0.000109458 0.0261531  -0.998548  -0.0471002 0.083286
0.005779  -0.00703548  -0.999959 1.05186 0.00206085  0.0471701  -0.998885 0.928205
0 0 0 1 0 0 0 1
0.998596  0.0524254  -0.00755916 0.062688 0.999683  0.0251102  0.00179215 -0.338899
0.0523706  -0.998601  -0.00727466 -0.0423084 0.025169  -0.998379  -0.0510513 0.0407388
-0.00792997  0.00686857  -0.999945 1.05261 0.000507336  0.0510802  -0.998694 0.891238
0 0 0 1 0 0 0 1
0.99867  0.0515524  -0.00107445 0.231719 0.999662  0.0257307  0.00365628 -0.255205
0.0515527  -0.99867  0.000230034 -0.126116 0.0258649  -0.998729  -0.0432704 -0.0432006
-0.00106116  -0.000285119  -0.999999 1.05218 0.00253826  0.0433503  -0.999057 1.0387
0 0 0 1 0 0 0 1
0.998408  0.0544076  0.0148877 0.189003 0.9996  0.0281584  0.00247949 -0.276196
0.0545821  -0.998442  -0.0115734 -0.0844251 0.0282391  -0.998673  -0.0430583 -0.000788243
0.0142349  0.0123675  -0.999822 1.04864 0.00126374  0.0431112  -0.999069 1.00179
0 0 0 1 0 0 0 1
0.99857  -0.0529373  -0.00750334 0.0841006 0.999655  -0.02602  -0.00371698 -0.328449
-0.0528852  -0.998576  0.00697594 0.0212825 -0.0258305  -0.998688  0.0442093 -0.0618449
-0.00786194  -0.00656914  -0.999948 1.05073 -0.00486243  -0.044098  -0.999015 0.908977
0 0 0 1 0 0 0 1
0.998445  0.0550102  -0.00907161 0.105402 0.999592  0.0285506  -8.76389e-05 -0.3181
0.0548721  -0.998383  -0.0148262 -0.0841611 0.0285207  -0.998677  -0.0427878 -0.000894974
-0.00987254  0.0143054  -0.999849 1.05229 -0.00130914  0.0427679  -0.999084 0.928045
0 0 0 1 0 0 0 1
0.998584  -0.053199  -0.000272169 0.335781 0.999638  -0.0268956  -0.00112648 -0.202257
-0.0531962  -0.998564  0.00629381 -0.0208476 -0.026797  -0.99821  0.053468 -0.104
-0.000606602  -0.00627042  -0.99998 1.05069 -0.00256252  -0.0534184  -0.998569 1.12791
0 0 0 1 0 0 0 1
0.998655  0.0502506  0.0127726 0.0635775 0.99963  0.0269894  0.00343222 -0.33836
0.0502127  -0.998733  0.00327216 -0.210143 0.0271278  -0.998372  -0.0501809 -0.126946
0.0129208  -0.00262641  -0.999913 1.05114 0.00207227  0.0502554  -0.998734 0.889772
0 0 0 1 0 0 0 1
0.998595  0.0529992  -0.000292117 0.231309 0.999605  0.0276086  -0.00527272 -0.254813
0.052998  -0.998589  -0.00323542 0.0418322 0.0273619  -0.998734  -0.0422024 0.124866
-0.000463179  0.00321539  -0.999995 1.05203 -0.0064312  0.0420415  -0.999095 1.0371
0 0 0 1 0 0 0 1
0.998541  0.0534525  -0.00769664 0.0627365 0.999605  0.0277212  0.0045917 -0.338803
0.0534838  -0.998561  0.0039182 -0.125695 0.0278979  -0.998624  -0.044408 -0.0430026
-0.00747613  -0.00432413  -0.999963 1.05098 0.00335434  0.0445185  -0.999003 0.891799
0 0 0 1 0 0 0 1
0.998618  -0.0524301  -0.00354733 0.336145 0.999642  -0.0256033  0.00780641 -0.20175
-0.0524399  -0.99862  -0.00273043 0.104659 -0.0259663  -0.99838  0.0506234 0.0222578
-0.00339928  0.00291268  -0.99999 1.05031 0.00649764  -0.050808  -0.998687 1.12819
0 0 0 1 0 0 0 1
0.998645  0.051646  0.0064333 0.146957 0.999626  0.0271795  -0.00317911 -0.296189
0.0516623  -0.998662  -0.00239818 -0.126096 0.0270139  -0.99867  -0.0439216 -0.0428856
0.00630083  0.00272729  -0.999976 1.05004 -0.00436865  0.0438193  -0.99903 0.962351
0 0 0 1 0 0 0 1
0.998586  0.0531561  -0.000559869 0.231123 0.999608  0.0279562  -0.00121689 -0.254438
0.0531548  -0.998584  -0.00214052 -0.0422601 0.027907  -0.999159  -0.0300573 0.0414338
-0.000672858  0.00210774  -0.999998 1.05071 -0.00205615  0.0300116  -0.999547 1.03566
0 0 0 1 0 0 0 1
0.998747  -0.0498431  0.00448037 0.168296 0.999568  -0.0278942  -0.00922555 -0.285697
-0.0498598  -0.998749  0.00369823 0.0632 -0.0274481  -0.998592  0.0453861 -0.0200584
0.00429043  -0.00391698  -0.999983 1.05134 -0.0104786  -0.0451133  -0.998927 0.979722
0 0 0 1 0 0 0 1
0.998479  0.0541972  0.0100944 0.31418 0.999557  0.0262763  0.0139888 -0.212392
0.0543092  -0.998462  -0.0111645 -0.1261 0.0269408  -0.998403  -0.0496464 -0.0431512
0.00947375  0.0116958  -0.999887 1.04749 0.0126619  0.0500013  -0.998669 1.11027
0 0 0 1 0 0 0 1
0.998636  -0.0520693  0.00380358 0.252123 0.99968  -0.0246024  0.00593128 -0.243555
-0.0520764  -0.998642  0.00178547 0.0209328 -0.024863  -0.998498  0.0488188 -0.0620836
0.00370545  -0.00198111  -0.999991 1.051 0.00472132  -0.0489506  -0.99879 1.05413
0 0 0 1 0 0 0 1
0.998611  0.0526893  -0.000345588 0.31533 0.999583  0.0287252  -0.00302696 -0.212553
0.0526884  -0.998609  -0.00209259 -0.0423462 0.0285552  -0.998527  -0.046132 0.0408889
-0.000455364  0.00207147  -0.999998 1.05139 -0.00434766  0.0460264  -0.998931 1.10948
0 0 0 1 0 0 0 1
0.998533  0.0538863  0.0053833 0.231498 0.99965  0.0258253  0.00573686 -0.25481
0.0538896  -0.998547  -0.000461332 0.126094 0.0260466  -0.998752  -0.0426094 0.209284
0.00535062  0.000750758  -0.999985 1.05172 0.00462931  0.0427439  -0.999075 1.03756
0 0 0 1 0 0 0 1
0.998526  0.0542491  0.0014419 0.10529 0.999616  0.0275109  0.00331689 -0.317844
0.0542524  -0.998524  -0.00234916 -0.252607 0.0276265  -0.998725  -0.0422553 -0.169053
0.00131233  0.00242393  -0.999996 1.05197 0.00215018  0.0423307  -0.999101 0.927041
0 0 0 1 0 0 0 1
0.998657  -0.0515763  -0.00497932 0.294011 0.999676  -0.0253336  0.00265255 -0.222727
-0.05156  -0.998664  0.00334837 -0.0630887 -0.0254242  -0.998754  0.0429321 -0.146016
-0.00514537  -0.00308714  -0.999982 1.05012 0.00156162  -0.0429856  -0.999074 1.09071
0 0 0 1 0 0 0 1
0.998578  0.0525414  -0.0089848 0.273842 0.999631  0.0256499  0.00893776 -0.234314
0.0525341  -0.998619  -0.00104933 0.00052045 0.026055  -0.998478  -0.0486128 0.0830047
-0.00902752  0.000575831  -0.999959 1.05336 0.00767724  0.0488277  -0.998778 1.07668
0 0 0 1 0 0 0 1
0.998594  -0.0528609  -0.00403725 0.294089 0.999612  -0.0262765  0.00922702 -0.222924
-0.0528487  -0.998598  0.0030605 0.0630799 -0.0266773  -0.998567  0.0463944 -0.0196402
-0.00419337  -0.00284283  -0.999987 1.05114 0.00799472  -0.0466225  -0.998881 1.09026
0 0 0 1 0 0 0 1
0.998549  -0.0534047  -0.0069586 0.125995 0.999617  -0.0276262  -0.00138662 -0.306801
-0.0533591  -0.998554  0.00658729 0.231338 -0.027539  -0.998661  0.0437934 0.148052
-0.00730033  -0.00620643  -0.999954 1.05122 -0.00259461  -0.0437384  -0.99904 0.944666
0 0 0 1 0 0 0 1
0.961047  0.233793  0.147408 -0.016266 0.938947  -0.343951  -0.00870132 -0.337929
0.276384  -0.811853  -0.514303 -0.226417 -0.302766  -0.813973  -0.495763 -0.255999
-0.000566786  0.53501  -0.844845 0.903599 0.163436  0.46813  -0.868414 0.888065
0 0 0 1 0 0 0 1
0.941681  0.336397  -0.00864198 0.255047 0.855185  -0.423532  -0.298797 -0.0961525
0.225473  -0.649819  -0.725877 0.084877 -0.516645  -0.650175  -0.557091 -0.222484
-0.249799  0.681596  -0.68777 0.935334 0.0416752  0.630788  -0.774835 0.859691
0 0 0 1 0 0 0 1
0.970467  -0.161191  0.179475 0.0192925 0.961128  0.258632  0.096661 -0.429024
-0.217506  -0.906441  0.362016 0.224472 0.206164  -0.905116  0.371835 0.213351
0.10433  -0.390361  -0.914731 0.962165 0.183658  -0.337453  -0.923252 1.02531
0 0 0 1 0 0 0 1
0.986639  0.138441  0.0858971 0.169861 0.953951  -0.299948  0.00290335 -0.319275
0.161836  -0.893587  -0.418702 0.0369952 -0.280402  -0.895141  -0.346551 -0.0882473
0.0187912  0.427009  -0.904052 1.00714 0.106546  0.329779  -0.938026 1.07187
0 0 0 1 0 0 0 1
0.881808  0.407932  0.236657 0.135237 0.944808  -0.326513  -0.0269731 -0.205767
0.466488  -0.680715  -0.564815 -0.134537 -0.253852  -0.677529  -0.6903 0.0867512
-0.0693105  0.608455  -0.790555 0.874529 0.207117  0.659048  -0.72302 0.934996
0 0 0 1 0 0 0 1
0.903824  0.427902  -0.000994769 0.266294 0.974563  -0.156319  -0.160594 -0.0340506
0.376987  -0.797376  -0.471244 -0.191755 -0.220466  -0.797426  -0.5617 -0.0273711
-0.20244  0.425547  -0.882002 0.941485 -0.0402573  0.582818  -0.811605 0.778794
0 0 0 1 0 0 0 1
0.897284  0.435073  0.0747845 0.216643 0.971421  -0.203548  -0.122103 -0.0658985
0.409989  -0.758475  -0.506581 -0.220455 -0.235353  -0.759206  -0.606807 -0.0361328
-0.163678  0.485208  -0.858943 0.902161 0.0308131  0.618202  -0.785415 0.805987
0 0 0 1 0 0 0 1
0.90221  0.39895  0.163876 0.260544 0.963251  -0.263499  -0.0521119 -0.0982918
0.423007  -0.744371  -0.516699 -0.20553 -0.237044  -0.742679  -0.626289 -0.00816773
-0.0841525  0.535492  -0.840337 0.874977 0.126324  0.615626  -0.777848 0.974689
0 0 0 1 0 0 0 1
0.919905  -0.366227  0.140187 0.155703 0.902601  0.39915  -0.161214 -0.208333
-0.360183  -0.647742  0.671341 -0.112495 0.401521  -0.645588  0.649613 -0.0692672
-0.155058  -0.668063  -0.72777 0.950558 0.155216  -0.651072  -0.742976 0.93014
0 0 0 1 0 0 0 1
0.87725  -0.462522  0.128475 0.235181 0.916017  0.337493  -0.21682 -0.0588181
-0.415319  -0.597091  0.686289 -0.0292735 0.386161  -0.59558  0.704389 -0.0584035
-0.240712  -0.655405  -0.715893 0.904035 0.108592  -0.72896  -0.675888 0.84401
0 0 0 1 0 0 0 1
0.982369  -0.143148  0.12025 0.0477365 0.924757  0.380552  0.00227898 -0.419506
-0.184767  -0.841478  0.507716 -0.0638958 0.344928  -0.84069  0.417451 0.101379
0.028509  -0.520983  -0.853091 0.996875 0.160778  -0.385254  -0.908697 1.02378
0 0 0 1 0 0 0 1
0.923717  0.351093  0.153234 0.114451 0.949957  -0.306336  -0.0611607 -0.183612
0.375616  -0.751556  -0.542287 -0.215697 -0.281049  -0.752669  -0.5954 -0.119021
-0.0752297  0.558477  -0.826102 0.87507 0.136359  0.582794  -0.801098 0.884704
0 0 0 1 0 0 0 1
0.913856  -0.345547  0.213225 0.072113 0.94906  0.31509  -0.00176056 -0.304925
-0.405519  -0.750165  0.522309 0.101721 0.250395  -0.75078  0.611254 -0.0629889
-0.0205282  -0.563782  -0.825669 0.923602 0.191278  -0.580558  -0.791432 0.952272
0 0 0 1 0 0 0 1
0.891106  -0.320237  0.321525 -0.000553876 0.889867  0.456161  -0.00735353 -0.412107
-0.453776  -0.622294  0.637839 0.00346667 0.324491  -0.621515  0.713039 -0.134805
-0.00417656  -0.714282  -0.699845 0.899952 0.32069  -0.636896  -0.701086 1.00319
0 0 0 1 0 0 0 1
0.866143  -0.444317  0.228864 0.0840556 0.914083  0.37886  -0.144624 -0.151301
-0.469309  -0.565542  0.678167 0.0790429 0.352493  -0.56597  0.74527 -0.0412593
-0.171889  -0.694798  -0.698363 0.847513 0.2005  -0.732218  -0.650889 0.803363
0 0 0 1 0 0 0 1
0.851359  -0.49472  0.174471 0.173995 0.957092  0.262461  -0.122842 -0.0844418
-0.491527  -0.636103  0.594789 0.124718 0.267514  -0.637252  0.722735 -0.109165
-0.183272  -0.592136  -0.78472 0.874566 0.111409  -0.724586  -0.68012 0.78282
0 0 0 1 0 0 0 1
0.961195  -0.174698  0.213506 0.0633315 0.962826  0.223832  0.15121 -0.496023
-0.236899  -0.919284  0.314319 0.00939077 0.157226  -0.919575  0.360085 -0.0747763
0.141362  -0.352701  -0.924997 1.00544 0.219648  -0.322926  -0.920584 1.14682
0 0 0 1 0 0 0 1
0.988517  -0.11652  -0.096213 0.261953 0.991784  0.0602199  -0.112861 -0.140132
-0.101447  -0.983628  0.148942 0.176653 0.07761  -0.9846  0.156652 0.154543
-0.111993  -0.137471  -0.984154 1.04192 -0.101689  -0.164124  -0.981184 0.882113
0 0 0 1 0 0 0 1
0.924131  -0.348944  0.155629 0.0379496 0.815844  0.512583  -0.267689 -0.257289
-0.323407  -0.497508  0.804918 -0.120231 0.535535  -0.495073  0.684181 0.106198
-0.203445  -0.794181  -0.572614 0.89263 0.218174  -0.701542  -0.678409 0.838134
0 0 0 1 0 0 0 1
0.896121  0.418337  0.148192 0.263003 0.972695  -0.227607  -0.0453854 -0.130172
0.433769  -0.754955  -0.49182 -0.0976242 -0.206071  -0.757022  -0.620042 0.141645
-0.0938689  0.505012  -0.857993 0.929711 0.106768  0.612465  -0.783255 0.96905
0 0 0 1 0 0 0 1
0.934994  -0.311969  0.168706 -0.0234878 0.913531  0.396597  -0.0904027 -0.31993
-0.346525  -0.702245  0.62191 0.0552201 0.365212  -0.701826  0.611605 0.0745397
-0.0755436  -0.639943  -0.7647 0.916384 0.179114  -0.591736  -0.785982 0.839557
0 0 0 1 0 0 0 1
0.944604  -0.263763  0.195324 0.135936 0.969316  0.228678  0.0901814 -0.363672
-0.319799  -0.873536  0.366964 0.074792 0.161789  -0.86969  0.466331 -0.0922365
0.0738312  -0.409101  -0.909497 0.976224 0.185069  -0.437431  -0.880002 1.09754
0 0 0 1 0 0 0 1
0.974539  -0.105591  -0.197798 0.350232 0.975763  -0.0992981  -0.195003 -0.078556
-0.112225  -0.993426  -0.0226052 0.220767 -0.0841061  -0.992849  0.0847186 0.0123362
-0.194111  0.0442275  -0.979982 1.07625 -0.202021  -0.0662643  -0.977137 0.819762
0 0 0 1 0 0 0 1
0.963802  -0.246377  0.101906 0.0201133 0.951336  0.30587  -0.0374606 -0.372014
-0.264197  -0.831114  0.489335 -0.107784 0.286618  -0.833636  0.472124 -0.0874522
-0.0358651  -0.498546  -0.866121 1.01375 0.11318  -0.459886  -0.880736 0.91002
0 0 0 1 0 0 0 1
0.927966  0.35835  0.102301 0.114375 0.926015  -0.345884  -0.151197 -0.149345
0.342061  -0.710091  -0.615439 -0.121653 -0.363774  -0.710686  -0.602157 -0.145435
-0.1479  0.6061  -0.781517 0.886379 0.100823  0.612608  -0.78393 0.819497
0 0 0 1 0 0 0 1
0.953945  0.284278  -0.0957853 0.228702 0.88406  -0.365255  -0.291594 -0.140404
0.162272  -0.757569  -0.632264 0.184992 -0.464148  -0.759297  -0.456108 -0.133923
-0.252303  0.587601  -0.768809 1.01629 -0.0548107  0.53857  -0.840796 0.783658
0 0 0 1 0 0 0 1
0.890298  0.369038  0.266796 0.185908 0.962406  -0.257232  0.0872213 -0.313446
0.453009  -0.777428  -0.436335 -0.0810733 -0.152267  -0.776861  -0.610984 0.237535
0.0463907  0.509329  -0.85932 0.929789 0.224923  0.574734  -0.786823 1.10238
0 0 0 1 0 0 0 1
0.994298  0.0977586  0.0425984 0.178667 0.981891  -0.188964  0.0135083 -0.316354
0.105627  -0.95772  -0.267612 0.125324 -0.180957  -0.956607  -0.228383 0.0491974
0.0146361  0.270585  -0.962585 1.04393 0.0560784  0.221802  -0.973478 1.05559
0 0 0 1 0 0 0 1
0.895194  -0.37441  0.241755 0.114722 0.856108  0.481981  -0.186477 -0.235667
-0.415937  -0.507028  0.754929 -0.119659 0.447455  -0.510761  0.734103 -0.0841874
-0.160077  -0.776363  -0.60962 0.893733 0.258579  -0.711911  -0.652931 0.953853
0 0 0 1 0 0 0 1
0.896748  -0.380191  0.226492 -0.0567462 0.82554  0.508945  -0.24384 -0.287929
-0.393797  -0.452037  0.800367 -0.0627102 0.497152  -0.451389  0.741004 0.0452466
-0.20191  -0.806919  -0.555081 0.86428 0.267064  -0.732954  -0.625663 0.774895
0 0 0 1 0 0 0 1
0.930953  -0.324837  0.166754 0.0906654 0.878475  0.451016  -0.157693 -0.197907
-0.343777  -0.625833  0.700107 0.0707151 0.436965  -0.624904  0.646959 0.168861
-0.12306  -0.709093  -0.694293 0.849148 0.193246  -0.637244  -0.746041 0.890712
0 0 0 1 0 0 0 1
0.888742  -0.305106  0.342122 0.0268004 0.920428  0.372864  0.117407 -0.452073
-0.448353  -0.734008  0.510109 0.133129 0.21461  -0.733016  0.645469 -0.111607
0.0954829  -0.606747  -0.78914 0.896704 0.326734  -0.568911  -0.754709 1.0742
0 0 0 1 0 0 0 1
0.9665  -0.176147  0.186683 0.0585627 0.962585  0.251692  0.100402 -0.489048
-0.234278  -0.902533  0.361314 -0.205763 0.196896  -0.904208  0.378999 -0.250582
0.104844  -0.392945  -0.913565 1.04133 0.186175  -0.34505  -0.919934 1.11331
0 0 0 1 0 0 0 1
0.918234  -0.374812  0.127913 0.0980473 0.836718  0.474892  -0.272729 -0.207383
-0.324654  -0.527411  0.785135 -0.136574 0.517931  -0.524432  0.67581 0.0686857
-0.226815  -0.762465  -0.605971 0.911754 0.177909  -0.706717  -0.684763 0.845011
0 0 0 1 0 0 0 1
0.971672  0.231014  -0.0498577 0.337131 0.920547  -0.338473  -0.19501 -0.137921
0.167345  -0.821513  -0.54508 0.197829 -0.390228  -0.819496  -0.419701 -0.0381216
-0.16688  0.521296  -0.8369 1.03879 -0.0177525  0.462452  -0.886466 0.99283
0 0 0 1 0 0 0 1
0.924282  -0.317702  0.211587 0.039238 0.945137  0.326412  0.0130644 -0.328471
-0.381709  -0.767212  0.515446 0.141334 0.255965  -0.764817  0.591216 0.0113191
-0.00142601  -0.557182  -0.830389 0.918161 0.202972  -0.555437  -0.806407 0.946205
0 0 0 1 0 0 0 1
0.980679  -0.17868  0.079641 0.0411129 0.981959  0.188629  0.0132631 -0.363259
-0.194708  -0.930909  0.309025 0.0133848 0.174262  -0.929936  0.323807 -0.00680558
0.0189219  -0.318561  -0.947714 1.02042 0.0734132  -0.315654  -0.94603 0.925634
0 0 0 1 0 0 0 1
0.98526  0.0373145  0.166945 0.106042 0.980644  -0.11064  0.161543 -0.487289
0.0608767  -0.988513  -0.13833 0.252162 -0.0903019  -0.987623  -0.128242 0.22324
0.159866  0.146454  -0.976214 1.04809 0.173732  0.111172  -0.978498 1.17769
0 0 0 1 0 0 0 1
0.919521  0.337204  0.201929 0.156619 0.980308  0.0233933  0.196083 -0.456332
0.362588  -0.926051  -0.104687 -0.188352 0.0942666  -0.927955  -0.360573 0.291942
0.151696  0.169479  -0.973789 1.01031 0.173522  0.371957  -0.911887 1.13727
0 0 0 1 0 0 0 1
0.921825  -0.320571  0.217884 0.141183 0.98039  0.143412  0.135162 -0.388549
-0.374648  -0.881045  0.288788 0.101271 0.0636165  -0.87946  0.471703 -0.223198
0.0993884  -0.347841  -0.932271 0.986034 0.186518  -0.453854  -0.871337 1.09763
0 0 0 1 0 0 0 1
0.93795  -0.346646  0.00925217 0.256927 0.892045  0.374539  -0.252936 -0.123206
-0.262964  -0.693625  0.670623 -0.16737 0.45056  -0.693174  0.562588 0.0313716
-0.226051  -0.631444  -0.741741 0.987427 0.0353827  -0.615816  -0.787095 0.887778
0 0 0 1 0 0 0 1
0.994219  -0.107269  0.00473004 0.261552 0.999372  -0.0349682  0.0057114 -0.245253
-0.107332  -0.994093  0.0160922 -0.114999 -0.0353835  -0.993361  0.109463 -0.266363
0.00297591  -0.0165068  -0.999859 1.04986 0.00184575  -0.109597  -0.993974 1.06735
0 0 0 1 0 0 0 1
0.880724  0.387951  0.271699 -0.0216953 0.913007  -0.402466  -0.0666322 -0.280548
0.466689  -0.612968  -0.637551 -0.145056 -0.322441  -0.611896  -0.722229 0.00683399
-0.0807953  0.688305  -0.720908 0.847064 0.249901  0.680885  -0.688437 0.82903
0 0 0 1 0 0 0 1
0.953024  -0.299644  -0.0442451 0.286133 0.909443  0.338927  -0.240917 -0.0684861
-0.213782  -0.76891  0.602557 0.00446998 0.415378  -0.767382  0.488452 0.216917
-0.214573  -0.564793  -0.796848 0.956739 -0.0193257  -0.544291  -0.838674 0.861768
0 0 0 1 0 0 0 1
0.906645  0.412579  0.0881645 0.141551 0.970417  -0.219549  -0.100441 -0.158837
0.398225  -0.767878  -0.501776 -0.108742 -0.235159  -0.765286  -0.599197 0.0635296
-0.139323  0.490043  -0.860493 0.944074 0.0546872  0.605091  -0.794276 0.804891
0 0 0 1 0 0 0 1
0.963259  -0.199846  0.179427 0.0489279 0.97719  0.171209  0.125649 -0.445428
-0.244219  -0.92975  0.27554 0.119251 0.116558  -0.926963  0.356586 -0.0132356
0.111757  -0.309236  -0.944396 1.00201 0.177523  -0.333807  -0.925774 1.06061
0 0 0 1 0 0 0 1
0.886844  0.375403  0.269409 0.102205 0.890697  -0.444069  -0.0972703 -0.189671
0.450795  -0.574914  -0.682831 -0.106263 -0.364978  -0.570981  -0.735372 -0.0152107
-0.10145  0.727012  -0.679088 0.807655 0.271016  0.690495  -0.670647 0.930569
0 0 0 1 0 0 0 1
0.878129  -0.351227  0.324852 -0.0101243 0.878973  0.473373  -0.0576565 -0.373972
-0.475115  -0.560487  0.678322 -0.027207 0.352601  -0.563749  0.7469 -0.153222
-0.0561697  -0.749996  -0.659053 0.891965 0.321058  -0.676835  -0.662432 0.947432
0 0 0 1 0 0 0 1
0.938733  0.281902  0.198274 0.090674 0.973032  -0.21619  0.0804457 -0.356403
0.337846  -0.866402  -0.367705 -0.208226 -0.15224  -0.863873  -0.480152 -0.011205
0.0681283  0.412163  -0.908559 0.950792 0.173299  0.454956  -0.873489 1.02927
0 0 0 1 0 0 0 1
0.93581  0.286627  0.205193 0.0513275 0.917903  -0.395918  -0.0265174 -0.285796
0.352058  -0.730689  -0.584934 -0.179899 -0.332255  -0.730328  -0.596848 -0.159636
-0.0177251  0.619627  -0.784696 0.863618 0.216937  0.556659  -0.801916 0.949622
0 0 0 1 0 0 0 1
0.949492  -0.277684  0.146138 0.0729872 0.931335  0.360087  -0.0543348 -0.250751
-0.310851  -0.768752  0.55892 0.170002 0.328996  -0.768008  0.549477 0.188139
-0.0428592  -0.576118  -0.816242 0.890869 0.15613  -0.529623  -0.83374 0.912674
0 0 0 1 0 0 0 1
0.993319  0.115135  0.00781659 0.260557 0.990112  -0.13915  -0.017758 -0.19574
0.113895  -0.9672  -0.22705 -0.248177 -0.139701  -0.96664  -0.214688 -0.275573
-0.0185813  0.226423  -0.973852 1.00655 0.0127082  0.215046  -0.976521 1.03257
0 0 0 1 0 0 0 1
0.954188  -0.281501  0.101398 0.0922803 0.953012  0.296412  -0.0625191 -0.255426
-0.293659  -0.816129  0.497693 0.0871896 0.286963  -0.817211  0.499818 0.0809851
-0.0573474  -0.504669  -0.861406 0.952655 0.0970607  -0.494273  -0.863871 0.898431
0 0 0 1 0 0 0 1
0.889329  -0.38504  0.246654 0.0242925 0.835707  0.502722  -0.221056 -0.274959
-0.415536  -0.455377  0.787376 -0.130909 0.473143  -0.45475  0.754545 -0.0694534
-0.190851  -0.80273  -0.564978 0.892734 0.278801  -0.735169  -0.617897 0.869253
0 0 0 1 0 0 0 1
0.976277  0.215092  -0.0248857 0.106474 0.944613  -0.294833  -0.144151 -0.235295
0.176579  -0.857402  -0.483406 0.0716965 -0.328109  -0.857936  -0.395335 -0.0882583
-0.125314  0.467544  -0.875042 1.01145 -0.00711445  0.420736  -0.907155 0.810884
0 0 0 1 0 0 0 1
0.93895  -0.343337  -0.0222046 0.295007 0.982347  0.133313  -0.131233 -0.0859159
-0.308965  -0.869827  0.384631 0.0735576 0.179742  -0.867042  0.464684 -0.0609819
-0.151372  -0.354289  -0.922803 1.00049 -0.0518365  -0.480069  -0.875698 0.872621
0 0 0 1 0 0 0 1
0.882912  -0.350486  0.312451 0.0659711 0.91321  0.407208  0.0151246 -0.344219
-0.469524  -0.653859  0.593309 0.0516126 0.278634  -0.651091  0.706005 -0.146927
-0.00364748  -0.670543  -0.741862 0.886244 0.297339  -0.640517  -0.708045 1.01784
0 0 0 1 0 0 0 1
0.999979  0.000846765  -0.00635 0.199543 0.999422  -0.0339366  -0.00216199 -0.263281
0.000613037  -0.999325  -0.0367196 -0.178816 -0.0339777  -0.999153  -0.0232057 -0.215066
-0.00637681  0.036715  -0.999305 1.04413 -0.00137263  0.0232657  -0.999728 1.00577
0 0 0 1 0 0 0 1
0.951374  0.233861  0.200492 0.0181322 0.947959  -0.31405  0.0524131 -0.406799
0.301974  -0.836577  -0.457111 -0.106393 -0.249021  -0.833878  -0.492581 -0.050749
0.0608267  0.495426  -0.866518 0.955608 0.198401  0.453894  -0.868687 0.999754
0 0 0 1 0 0 0 1
0.887606  -0.460263  0.0176963 0.236792 0.897228  0.317809  -0.30656 0.00646532
-0.337393  -0.623539  0.705241 0.0239008 0.441345  -0.623434  0.645402 0.135282
-0.313562  -0.631946  -0.708747 0.890347 0.0139944  -0.714372  -0.699626 0.709438
0 0 0 1 0 0 0 1
0.972025  -0.201152  0.121265 0.198315 0.955216  0.29589  0.00348815 -0.315729
-0.234325  -0.865876  0.441986 -0.132009 0.266465  -0.865231  0.424702 -0.0996621
0.0160937  -0.458036  -0.888788 1.01552 0.128683  -0.404753  -0.905326 1.11281
0 0 0 1 0 0 0 1
0.929297  -0.349518  0.119348 0.0623381 0.971058  0.23525  -0.041276 -0.265526
-0.363485  -0.808232  0.463292 0.106806 0.21885  -0.807167  0.548258 -0.0454987
-0.0654681  -0.473917  -0.878132 0.959001 0.0956611  -0.541423  -0.83529 0.846703
0 0 0 1 0 0 0 1
0.987542  -0.0717937  0.140024 0.0393012 0.986426  0.105763  0.125608 -0.451032
-0.0932413  -0.983789  0.153187 0.235553 0.084566  -0.982911  0.163507 0.224858
0.126757  -0.164334  -0.978226 1.01751 0.140755  -0.150666  -0.978513 1.05165
0 0 0 1 0 0 0 1
0.971522  -0.217824  -0.0932616 0.323189 0.99237  -0.0898604  -0.0844226 -0.138596
-0.214398  -0.975689  0.0454248 0.237642 -0.0702822  -0.97485  0.211489 -0.061072
-0.100889  -0.0241361  -0.994605 1.05487 -0.101304  -0.203942  -0.973727 0.92054
0 0 0 1 0 0 0 1
0.945333  -0.314194  0.0873378 0.148494 0.907796  0.387465  -0.160553 -0.216313
-0.294979  -0.709669  0.63981 -0.0895255 0.404999  -0.710333  0.575676 0.0273964
-0.139044  -0.630596  -0.763555 0.960476 0.109008  -0.58762  -0.80176 0.91369
0 0 0 1 0 0 0 1
0.876052  0.395403  0.276023 0.136883 0.880311  -0.454626  -0.135528 -0.196152
0.461647  -0.522303  -0.716994 0.0315637 -0.388089  -0.525837  -0.75689 0.110721
-0.139334  0.75555  -0.640102 0.854345 0.272836  0.718895  -0.639336 0.959818
0 0 0 1 0 0 0 1
0.947023  -0.315731  0.0588304 0.0018685 0.835394  0.479164  -0.269294 -0.287995
-0.247004  -0.598942  0.761746 -0.1466 0.535472  -0.598908  0.595465 0.15498
-0.205271  -0.735923  -0.645199 0.940696 0.124043  -0.641647  -0.756903 0.760014
0 0 0 1 0 0 0 1
0.920197  0.344021  0.18678 0.114981 0.92498  -0.373233  -0.0714811 -0.293113
0.383637  -0.697652  -0.605066 0.127163 -0.330204  -0.696284  -0.637302 0.182308
-0.0778481  0.628436  -0.773956 0.971371 0.188091  0.613095  -0.767292 0.978501
0 0 0 1 0 0 0 1
0.97438  0.223299  0.0268519 0.0628017 0.991899  -0.124521  -0.0251018 -0.312605
0.222136  -0.936803  -0.270287 0.0130431 -0.125938  -0.938201  -0.322365 0.115122
-0.0351998  0.269327  -0.962405 1.03275 0.0165906  0.322915  -0.946283 0.862423
0 0 0 1 0 0 0 1
0.905826  -0.398228  0.144546 -0.00854778 0.919312  0.361067  -0.15651 -0.260157
-0.390073  -0.650866  0.651319 -0.0321327 0.36882  -0.651817  0.662651 -0.0552141
-0.165294  -0.646365  -0.74491 0.937102 0.137246  -0.666907  -0.732392 0.747097
0 0 0 1 0 0 0 1
0.894251  -0.444789  0.0497728 0.121813 0.919591  0.305206  -0.247389 -0.0633993
-0.363542  -0.656998  0.660447 0.0910143 0.391431  -0.657801  0.64349 0.118778
-0.261059  -0.6087  -0.749221 0.880372 0.0336645  -0.688583  -0.724375 0.663646
0 0 0 1 0 0 0 1
0.929293  -0.350061  0.117782 0.0334993 0.939009  0.325344  -0.111416 -0.204006
-0.350728  -0.736415  0.578517 0.172684 0.325559  -0.736627  0.592783 0.147465
-0.115779  -0.578922  -0.807121 0.887178 0.110786  -0.592901  -0.797618 0.775114
0 0 0 1 0 0 0 1
0.973713  -0.208662  0.0913396 0.236442 0.997264  -0.000225985  0.0739216 -0.313496
-0.217464  -0.970906  0.10025 -0.0494451 -0.0178782  -0.971046  0.238223 -0.300335
0.0677637  -0.117478  -0.990761 1.03549 0.0717274  -0.238893  -0.968393 1.12531
0 0 0 1 0 0 0 1
0.91684  0.351825  0.188744 0.068644 0.888788  -0.4373  -0.137204 -0.302352
0.378501  -0.615485  -0.691314 0.153817 -0.406946  -0.615258  -0.675168 0.125668
-0.127052  0.705264  -0.697467 0.955259 0.210835  0.655916  -0.724791 0.931604
0 0 0 1 0 0 0 1
0.976982  0.185305  0.105677 0.115756 0.993667  -0.0859835  0.0723343 -0.378147
0.203203  -0.959177  -0.196692 0.0206125 -0.0640645  -0.962408  -0.263946 0.169415
0.064915  0.213639  -0.974754 1.03183 0.09231  0.25764  -0.961821 1.04833
0 0 0 1 0 0 0 1
0.92163  -0.376189  0.0952919 0.259649 0.968935  0.231758  -0.0863366 -0.131276
-0.372403  -0.788273  0.489838 0.0480357 0.238896  -0.786742  0.56918 -0.0938479
-0.109156  -0.486936  -0.86659 0.957055 0.0639873  -0.572123  -0.817668 0.957176
0 0 0 1 0 0 0 1
0.944751  0.301224  0.129267 0.214186 0.960106  -0.277935  -0.0308047 -0.220434
0.325462  -0.815111  -0.479238 -0.0282609 -0.25218  -0.812962  -0.524879 0.0483527
-0.0389907  0.494832  -0.868114 0.961725 0.120839  0.511708  -0.850619 1.03351
0 0 0 1 0 0 0 1
0.978577  0.186217  -0.0878077 0.291042 0.966262  -0.206878  -0.153427 -0.101633
0.142964  -0.921525  -0.361043 -0.0970683 -0.24565  -0.919287  -0.307519 -0.20189
-0.148149  0.340755  -0.928406 1.00859 -0.0774244  0.334833  -0.939091 0.89684
0 0 0 1 0 0 0 1
0.919071  -0.340249  0.198844 0.217343 0.980599  0.178926  0.0800744 -0.276937
-0.391157  -0.849052  0.355115 0.159828 0.112913  -0.849476  0.515403 -0.13321
0.0480014  -0.404155  -0.91343 0.947544 0.16024  -0.496362  -0.853198 1.09802
0 0 0 1 0 0 0 1
0.926815  -0.370019  0.0640273 0.258944 0.896875  0.379141  -0.227744 -0.0523066
-0.310815  -0.660209  0.683753 0.0378628 0.434745  -0.661054  0.611559 0.166381
-0.21073  -0.653614  -0.726899 0.884018 0.0813155  -0.647502  -0.757713 0.889017
0 0 0 1 0 0 0 1
0.910382  0.385691  0.149824 0.144807 0.906364  -0.389875  -0.162796 -0.0903144
0.3794  -0.633633  -0.674214 -0.150929 -0.392548  -0.634599  -0.665725 -0.165418
-0.165105  0.670636  -0.723179 0.815199 0.156239  0.667295  -0.728222 0.841161
0 0 0 1 0 0 0 1
0.87382  -0.33352  0.35384 -0.00960534 0.82932  0.546581  -0.116095 -0.39585
-0.478162  -0.457216  0.749876 -0.122475 0.411785  -0.457385  0.788183 -0.192017
-0.0883177  -0.82445  -0.559001 0.885495 0.377706  -0.701461  -0.604392 0.984503
0 0 0 1 0 0 0 1
0.917707  -0.265639  0.295381 0.0666041 0.935637  0.332807  0.117572 -0.489924
-0.380663  -0.800686  0.462599 -0.08694 0.215187  -0.801878  0.557392 -0.262884
0.113623  -0.536971  -0.835914 0.982835 0.279783  -0.496217  -0.821882 1.14571
0 0 0 1 0 0 0 1
0.913244  0.354204  0.20131 0.235786 0.986167  -0.115509  0.118877 -0.319248
0.400491  -0.871182  -0.283989 -0.0759945 -0.0432815  -0.871761  -0.488017 0.300143
0.0747879  0.339974  -0.937456 0.980847 0.160002  0.476121  -0.864701 1.13575
0 0 0 1 0 0 0 1
0.917587  -0.396205  -0.0324991 0.192107 0.931014  0.265065  -0.250905 -0.0554769
-0.301352  -0.746566  0.593149 0.0536994 0.362876  -0.74599  0.558408 0.11788
-0.259271  -0.534472  -0.804437 0.938453 -0.039158  -0.610933  -0.790713 0.695021
0 0 0 1 0 0 0 1
0.898807  0.337555  0.279646 0.112276 0.968674  -0.179071  0.172059 -0.431141
0.418221  -0.851443  -0.316442 -0.188286 -0.0637681  -0.848977  -0.524568 0.18476
0.131286  0.401375  -0.906456 0.951245 0.240009  0.497163  -0.833801 1.11128
0 0 0 1 0 0 0 1
0.950025  -0.302253  -0.0780712 0.289141 0.945274  0.24121  -0.219715 -0.0720621
-0.225458  -0.837302  0.49809 -0.0307495 0.317404  -0.835797  0.447994 0.0622524
-0.215918  -0.455596  -0.863604 1.00499 -0.0755765  -0.493216  -0.866618 0.826614
0 0 0 1 0 0 0 1
0.944431  -0.326436  -0.0386056 0.146593 0.864476  0.399905  -0.304559 -0.16672
