0.99317  0.100477  -0.0593183 -0.125649 0.997914  -0.0130346  -0.0632219 -0.0415858
0.0956845  -0.992291  -0.0787545 -0.0866205 -0.0207012  -0.992293  -0.12217 -0.00763742
-0.066774  0.0725407  -0.995128 0.663532 -0.0611423  0.123224  -0.990494 0.429759
0 0 0 1 0 0 0 1
0.994165  -0.0738624  -0.0786203 -0.115868 0.995859  0.0358946  -0.0835302 -0.0670544
-0.0667601  -0.993754  0.0894243 0.0278317 0.044429  -0.993723  0.102666 0.00437618
-0.0847343  -0.0836538  -0.992886 0.716042 -0.0793207  -0.105952  -0.991202 0.436728
0 0 0 1 0 0 0 1
0.991011  -0.116871  -0.0651078 -0.0839969 0.99645  0.0378978  -0.0751799 0.00500376
-0.108547  -0.986905  0.119317 0.0737847 0.049133  -0.98689  0.153733 0.0111118
-0.0781998  -0.111177  -0.990719 0.643264 -0.0683681  -0.156881  -0.985248 0.440175
0 0 0 1 0 0 0 1
0.997242  -0.0393015  -0.0629515 -0.124858 0.997626  -0.0286809  -0.0626077 -0.0543149
-0.0398635  -0.999175  -0.00769668 0.081132 -0.0267951  -0.999168  0.0307556 0.0108617
-0.0625971  0.0101849  -0.997987 0.677425 -0.0634377  -0.029005  -0.997564 0.440297
0 0 0 1 0 0 0 1
0.995399  0.0527338  -0.0800047 -0.0372276 0.996746  0.00481901  -0.0804659 0.0662069
0.0505739  -0.998305  -0.0287883 -0.0661036 0.000116826  -0.998297  -0.0583397 -0.0127219
-0.0813873  0.0246096  -0.996379 0.605887 -0.08061  0.0581404  -0.995049 0.451413
0 0 0 1 0 0 0 1
0.995071  -0.044041  -0.0888509 -0.0667486 0.995106  0.0374681  -0.0914378 -0.00700433
-0.037609  -0.996636  0.0728108 -0.0141049 0.0438276  -0.996684  0.0685629 -0.00752555
-0.0917587  -0.0691103  -0.99338 0.681768 -0.0885657  -0.0722348  -0.993448 0.449766
0 0 0 1 0 0 0 1
0.999749  0.00823885  -0.0208263 -0.124769 0.999061  0.0377726  -0.0212035 0.0109826
0.00903343  -0.999223  0.0383512 -0.0434298 0.0380266  -0.999208  0.0117055 0.00623486
-0.0204941  -0.0385297  -0.999047 0.560669 -0.0207446  -0.0125008  -0.999707 0.452063
0 0 0 1 0 0 0 1
0.97584  -0.174192  -0.131887 0.022415 0.985682  0.0633867  -0.156249 0.0282575
-0.146377  -0.969363  0.197252 0.0607053 0.098173  -0.96913  0.226161 0.00977772
-0.162206  -0.173181  -0.971441 0.743801 -0.13709  -0.238262  -0.961477 0.451946
0 0 0 1 0 0 0 1
0.983586  0.120796  -0.134038 0.0138545 0.987309  -0.0567269  -0.148335 0.0255929
0.10007  -0.983325  -0.151849 -0.0213909 -0.0808742  -0.983438  -0.162204 -0.00118614
-0.150145  0.135944  -0.979273 0.736367 -0.136677  0.172142  -0.975544 0.45458
0 0 0 1 0 0 0 1
0.9987  0.0441344  -0.0254851 -0.163354 0.999572  0.0141332  -0.0256207 -0.0797679
0.0438844  -0.998984  -0.0102872 -0.0801387 0.0130181  -0.998982  -0.0431806 -0.0202104
-0.0259132  0.00915541  -0.999622 0.649082 -0.0262049  0.0428286  -0.998739 0.45296
0 0 0 1 0 0 0 1
0.983764  -0.173325  -0.0465439 -0.0706183 0.993299  0.0869091  -0.0761896 0.0211219
-0.159884  -0.964239  0.211375 0.0762848 0.103105  -0.964188  0.244359 0.016332
-0.081516  -0.200502  -0.976296 0.627904 -0.052224  -0.250577  -0.966687 0.452328
0 0 0 1 0 0 0 1
0.99273  -0.0258307  -0.117562 0.0114206 0.9923  -0.0405247  -0.117037 0.0724878
-0.0293642  -0.999165  -0.0284241 0.0840815 -0.0395358  -0.99916  0.0107594 0.0115191
-0.11673  0.0316695  -0.992659 0.656971 -0.117375  -0.00604944  -0.993069 0.459412
0 0 0 1 0 0 0 1
0.993226  0.0998214  -0.05948 -0.0728307 0.99684  -0.0404249  -0.068382 0.0189804
0.0927983  -0.98948  -0.110988 -0.0615173 -0.0494541  -0.989477  -0.135975 -0.0157501
-0.0699333  0.104717  -0.99204 0.627011 -0.0621656  0.138927  -0.988349 0.454566
0 0 0 1 0 0 0 1
0.987377  0.155282  -0.0312174 -0.137496 0.995815  -0.0738567  -0.0538368 -0.0712662
0.147154  -0.972252  -0.181857 -0.0800471 -0.0839141  -0.972256  -0.21835 -0.013393
-0.0585903  0.174968  -0.982829 0.676892 -0.0362166  0.221954  -0.974384 0.451385
0 0 0 1 0 0 0 1
0.972574  -0.202522  -0.114384 -0.0360066 0.989315  0.0429139  -0.139333 -0.0598008
-0.178228  -0.964885  0.192957 0.125463 0.077136  -0.965048  0.250464 0.0186807
-0.149446  -0.167279  -0.974517 0.800522 -0.123715  -0.258535  -0.958047 0.447702
0 0 0 1 0 0 0 1
0.991335  -0.00833069  -0.131096 -0.0700305 0.99079  0.0316788  -0.131647 -0.103183
-0.00284031  -0.999113  0.042012 -0.0369769 0.0350846  -0.999105  0.0236319 -0.00295435
-0.13133  -0.0412756  -0.990479 0.825642 -0.13078  -0.0280331  -0.991015 0.449741
0 0 0 1 0 0 0 1
0.983734  -0.130011  -0.123952 -0.0561691 0.989308  0.0488774  -0.137408 -0.0873131
-0.111255  -0.982738  0.147811 0.0430668 0.072187  -0.982771  0.17015 0.00181964
-0.141029  -0.131616  -0.981218 0.818439 -0.126724  -0.178249  -0.975791 0.451051
0 0 0 1 0 0 0 1
0.98227  0.111526  -0.150691 0.0308595 0.988039  0.0265836  -0.151897 0.0194206
0.105108  -0.993206  -0.0499325 -0.13066 0.00887826  -0.993201  -0.116071 -0.0106746
-0.155236  0.0332084  -0.987319 0.758429 -0.153949  0.113334  -0.981557 0.458657
0 0 0 1 0 0 0 1
0.999399  0.0243569  -0.024674 -0.121147 0.997407  -0.0661844  -0.0282519 -0.00359702
0.0220121  -0.995588  -0.0912132 0.045439 -0.0678958  -0.995594  -0.0646669 -0.00288978
-0.0267868  0.0906152  -0.995526 0.58444 -0.0238475  0.0664174  -0.997507 0.459525
0 0 0 1 0 0 0 1
0.98804  -0.00500566  -0.154118 -0.00249057 0.987865  -0.0204908  -0.153958 -0.0342619
-0.00821905  -0.999762  -0.0202201 0.0307412 -0.0211764  -0.999772  -0.00281463 3.59146e-05
-0.15398  0.0212449  -0.987846 0.803075 -0.153865  0.00604075  -0.988073 0.458049
0 0 0 1 0 0 0 1
0.983055  -0.0792977  -0.165274 0.0531074 0.985732  -0.0384094  -0.163883 0.033046
-0.0780274  -0.99685  0.0141746 0.119958 -0.0263748  -0.996836  0.0749887 0.00985851
-0.165877  -0.00103854  -0.986146 0.764158 -0.166244  -0.0695964  -0.983626 0.462857
0 0 0 1 0 0 0 1
0.993483  0.0320508  -0.109384 -0.00930616 0.989085  -0.0920858  -0.115022 0.0416944
0.0179653  -0.991688  -0.127406 0.0867084 -0.101546  -0.991667  -0.0792801 -0.00131547
-0.112558  0.12461  -0.985801 0.672599 -0.106763  0.0900948  -0.990194 0.463265
0 0 0 1 0 0 0 1
0.992648  -0.0696535  -0.0989901 -0.0283107 0.987996  0.106469  -0.111926 0.021905
-0.0521506  -0.984144  0.169531 -0.0677617 0.12078  -0.984129  0.130009 0.00461586
-0.109229  -0.163122  -0.980541 0.679627 -0.0963078  -0.141967  -0.985175 0.461623
0 0 0 1 0 0 0 1
0.999512  -0.0175738  -0.0258423 -0.0786483 0.999642  0.00535029  -0.0262187 0.0746819
-0.01714  -0.99971  0.0169144 0.029347 0.0059659  -0.999707  0.023458 0.0176024
-0.026132  -0.0164632  -0.999523 0.520356 -0.0260855  -0.0236061  -0.999381 0.46274
0 0 0 1 0 0 0 1
0.993897  0.00573594  -0.110162 -0.0524364 0.990296  -0.0823901  -0.111915 -0.0386945
-0.00510464  -0.995186  -0.0978728 0.104237 -0.0878394  -0.995133  -0.0446583 0.00618942
-0.110193  0.0978378  -0.989083 0.739817 -0.107691  0.0540555  -0.992714 0.459872
0 0 0 1 0 0 0 1
0.984366  -0.0630453  -0.164464 0.0310979 0.983833  0.0553638  -0.170314 -0.0034992
-0.0453074  -0.992958  0.10946 -0.0374811 0.0721646  -0.992945  0.0940894 -0.00913643
-0.170206  -0.100298  -0.980291 0.79685 -0.163903  -0.104859  -0.980887 0.461671
0 0 0 1 0 0 0 1
0.992618  0.0619151  -0.104288 -0.0545305 0.99372  0.0446186  -0.102611 -0.0385221
0.0632238  -0.997956  0.00928717 -0.118704 0.0396509  -0.997964  -0.049954 -0.0105192
-0.1035  -0.0158121  -0.994504 0.734559 -0.104631  0.0455717  -0.993466 0.461323
0 0 0 1 0 0 0 1
0.978146  -0.206265  -0.0261873 -0.111332 0.992344  0.102914  -0.0682732 -0.0508786
-0.193432  -0.94893  0.24923 0.0995486 0.118506  -0.94911  0.291797 0.0203527
-0.0762575  -0.238718  -0.96809 0.6772 -0.0347686  -0.297654  -0.95404 0.45813
0 0 0 1 0 0 0 1
0.997461  -0.0669205  -0.0243744 -0.0755318 0.997924  0.0564323  -0.0310303 0.0699055
-0.0639803  -0.992292  0.106131 0.000244044 0.0594866  -0.992325  0.108406 -0.00459884
-0.0312889  -0.104302  -0.994053 0.529595 -0.0246745  -0.110027  -0.993622 0.467061
0 0 0 1 0 0 0 1
0.987101  0.112738  -0.113674 -0.0410365 0.988231  -0.0792219  -0.130857 -0.0478697
0.0925785  -0.98122  -0.169223 -0.00116434 -0.100476  -0.981202  -0.164763 -0.00962082
-0.130617  0.156516  -0.979 0.772814 -0.115344  0.175972  -0.977614 0.460969
0 0 0 1 0 0 0 1
0.958923  -0.259935  -0.113577 0.0282597 0.985398  0.0620341  -0.158567 0.00204259
-0.22419  -0.939781  0.257975 0.127758 0.111162  -0.9398  0.323139 0.00883035
-0.173794  -0.221915  -0.959453 0.779296 -0.128976  -0.336047  -0.932972 0.461799
0 0 0 1 0 0 0 1
0.973618  0.199673  -0.110445 -0.0108973 0.990649  -0.0324923  -0.13251 -0.0244031
0.178326  -0.967801  -0.177656 -0.135288 -0.0642675  -0.96786  -0.243141 -0.0150783
-0.142362  0.153274  -0.977875 0.769482 -0.120351  0.249383  -0.960897 0.461913
0 0 0 1 0 0 0 1
0.99827  -0.05442  -0.0222386 -0.151982 0.994975  0.0950592  -0.031439 -0.0746942
-0.050711  -0.988487  0.142553 -0.0374651 0.09808  -0.988486  0.115223 0.0125255
-0.0297403  -0.141179  -0.989537 0.647409 -0.020124  -0.117728  -0.992842 0.466316
0 0 0 1 0 0 0 1
0.986717  0.161195  -0.0201588 -0.100952 0.993255  -0.103947  -0.0513757 -0.00259808
0.152935  -0.963586  -0.219347 -0.0693855 -0.113359  -0.963682  -0.2418 -0.0277115
-0.0547823  0.213351  -0.975439 0.611581 -0.0243754  0.245993  -0.968965 0.464042
0 0 0 1 0 0 0 1
0.981433  0.0463674  -0.186118 0.0146981 0.977987  -0.0813121  -0.192169 -0.0859668
0.0227554  -0.991635  -0.127052 0.0880769 -0.0988714  -0.991581  -0.083611 0.00788632
-0.190452  0.120458  -0.974278 0.895108 -0.183753  0.100771  -0.977794 0.462095
0 0 0 1 0 0 0 1
0.948266  0.311638  -0.0606055 -0.028292 0.98237  -0.119082  -0.144116 -0.034402
0.271793  -0.895542  -0.352326 -0.146883 -0.168935  -0.895614  -0.411505 -0.0384363
-0.164073  0.317627  -0.933913 0.768216 -0.0800698  0.428596  -0.899941 0.453991
0 0 0 1 0 0 0 1
0.976992  -0.0614333  -0.204238 0.0353597 0.977821  0.0291835  -0.2074 -0.0917725
-0.0457187  -0.995682  0.0807941 -0.00145203 0.0466749  -0.995706  0.0799497 -0.000591762
-0.20832  -0.0695976  -0.975581 0.929373 -0.204176  -0.0878569  -0.974984 0.462247
0 0 0 1 0 0 0 1
0.998007  0.0606124  -0.0175447 -0.157365 0.996007  -0.0851658  -0.0267766 -0.088868
0.0577148  -0.989231  -0.134506 0.0300597 -0.0877396  -0.989204  -0.117373 -0.00168689
-0.0255084  0.133225  -0.990757 0.657902 -0.0164914  0.119253  -0.992727 0.472149
0 0 0 1 0 0 0 1
0.992719  -0.0817698  -0.0884514 -0.00519921 0.99577  0.00622113  -0.0916679 0.0616099
-0.0764516  -0.995148  0.0619337 0.08013 0.0151471  -0.995169  0.0970022 0.01537
-0.0930866  -0.0547205  -0.994153 0.639634 -0.0906216  -0.0979804  -0.991054 0.476476
0 0 0 1 0 0 0 1
0.975066  -0.221205  -0.0177598 -0.069891 0.986768  0.142765  -0.0768588 0.0234492
-0.205513  -0.93029  0.303849 0.0762344 0.160294  -0.930274  0.329993 0.028492
-0.0837347  -0.292623  -0.952555 0.614321 -0.0243884  -0.337946  -0.940849 0.466743
0 0 0 1 0 0 0 1
0.985724  0.0151462  -0.167685 0.0253179 0.983083  0.073234  -0.167885 -0.0349853
0.0275385  -0.997037  0.0718252 -0.132669 0.0763482  -0.997007  0.0121621 -0.02317
-0.166101  -0.0754177  -0.983221 0.82592 -0.166492  -0.0247741  -0.985732 0.471534
0 0 0 1 0 0 0 1
0.955719  -0.258768  -0.140142 0.0132981 0.981234  0.0584485  -0.18375 -0.0819099
-0.21697  -0.941334  0.258485 0.127179 0.115478  -0.941286  0.317246 0.0202053
-0.198808  -0.216633  -0.955796 0.886811 -0.154419  -0.332512  -0.930371 0.459519
0 0 0 1 0 0 0 1
0.948296  -0.317365  0.00375729 -0.10191 0.977111  0.18151  -0.110939 -0.0597186
-0.290536  -0.863242  0.412799 0.127696 0.212355  -0.863164  0.458098 0.045206
-0.127764  -0.392547  -0.910815 0.710543 -0.0126092  -0.471171  -0.881952 0.451397
0 0 0 1 0 0 0 1
0.96078  -0.271722  -0.0553923 -0.0681937 0.988125  0.100664  -0.116088 -0.0789509
-0.24384  -0.922924  0.297915 0.135796 0.136323  -0.922905  0.360087 0.0226503
-0.132073  -0.272724  -0.952984 0.777441 -0.07089  -0.371637  -0.925668 0.462181
0 0 0 1 0 0 0 1
0.972152  0.23112  -0.0387908 -0.0899284 0.989601  -0.112073  -0.0901652 -0.0623959
0.211597  -0.936798  -0.278633 -0.103707 -0.135487  -0.936774  -0.32264 -0.0233967
-0.100737  0.262666  -0.959614 0.721099 -0.0483051  0.331501  -0.942217 0.46616
0 0 0 1 0 0 0 1
0.999041  0.0375211  -0.022567 -0.0794237 0.998017  -0.0572399  -0.0261797 0.0514
0.0353815  -0.995428  -0.0887155 0.0363151 -0.0590533  -0.995453  -0.0747371 0.0113741
-0.0257925  0.087832  -0.995801 0.543429 -0.0217827  0.0761349  -0.99686 0.478577
0 0 0 1 0 0 0 1
0.99679  0.0214629  -0.0771304 -0.105095 0.994354  -0.068852  -0.0807462 -0.101076
0.0142254  -0.995547  -0.0931866 0.0597844 -0.0737362  -0.995522  -0.0591505 -0.00288339
-0.078787  0.0917902  -0.992657 0.755584 -0.076312  0.0647704  -0.994978 0.474436
0 0 0 1 0 0 0 1
0.984548  -0.169462  -0.0441299 -0.103032 0.996359  0.0557074  -0.0645422 -0.0748979
-0.159627  -0.972126  0.17173 0.0929695 0.0688547  -0.972197  0.223815 -0.00259596
-0.0720016  -0.162032  -0.984155 0.713518 -0.0502795  -0.227444  -0.972492 0.475115
0 0 0 1 0 0 0 1
0.999974  0.00260249  -0.00673533 -0.146975 0.99866  0.0512269  -0.00733013 -0.0539384
0.00298823  -0.998317  0.0579086 -0.0625961 0.0514038  -0.998329  0.0264159 -0.00540423
-0.00657329  -0.0579272  -0.998299 0.607619 -0.00596467  -0.0267573  -0.999624 0.479404
0 0 0 1 0 0 0 1
0.98264  0.0834719  -0.165682 -0.00623868 0.985832  0.00785442  -0.167553 -0.100685
0.0757367  -0.995746  -0.0524793 -0.0834121 -0.00771513  -0.995723  -0.0920704 -0.0115963
-0.169357  0.0390201  -0.984782 0.888779 -0.167559  0.0920586  -0.981554 0.469329
0 0 0 1 0 0 0 1
0.997232  -0.0727273  -0.0154678 -0.100013 0.994172  0.1038  -0.0290988 0.0162263
-0.0692456  -0.984178  0.163092 -0.0227668 0.1069  -0.984098  0.141858 0.0169774
-0.0270843  -0.16157  -0.98649 0.568367 -0.0139113  -0.144142  -0.989459 0.478744
0 0 0 1 0 0 0 1
0.979663  0.165577  -0.113337 0.0145577 0.975518  -0.152745  -0.158219 0.0151173
0.126408  -0.947952  -0.292247 0.0501318 -0.18987  -0.947987  -0.255478 -0.0167583
-0.155827  0.271976  -0.949603 0.738118 -0.110967  0.279264  -0.953781 0.476392
0 0 0 1 0 0 0 1
0.978476  0.206004  -0.0121473 -0.0753254 0.985734  -0.153326  -0.0694203 0.0234595
0.192594  -0.932752  -0.304764 -0.0587991 -0.167565  -0.932761  -0.319185 -0.0324374
-0.0741131  0.295865  -0.95235 0.601895 -0.0158132  0.326264  -0.945146 0.472532
0 0 0 1 0 0 0 1
0.996913  0.0763042  -0.018482 -0.113231 0.992637  -0.116194  -0.0342031 -0.019037
0.0717523  -0.981044  -0.180012 0.0424394 -0.12008  -0.981022  -0.152241 -0.00850992
-0.0318673  0.17813  -0.983491 0.604442 -0.0158644  0.155228  -0.987751 0.480009
0 0 0 1 0 0 0 1
0.997178  -0.014337  -0.0736932 -0.0373773 0.99645  -0.0415858  -0.0731962 0.0268554
-0.0172462  -0.999091  -0.0389935 0.0631807 -0.0420206  -0.999107  -0.00440899 0.000691949
-0.0730671  0.0401543  -0.996518 0.643227 -0.0729475  0.00746909  -0.997308 0.483539
0 0 0 1 0 0 0 1
0.996879  -0.0434542  -0.0659116 -0.110202 0.997251  -0.0337454  -0.0659659 -0.100509
-0.0442867  -0.998956  -0.0112222 0.0696849 -0.0316133  -0.998952  0.0331026 -0.0103116
-0.0653551  0.0141062  -0.997762 0.741825 -0.0670138  -0.0309262  -0.997273 0.479715
0 0 0 1 0 0 0 1
0.993338  0.112113  -0.0266391 -0.134858 0.983246  -0.171696  -0.0612228 -0.0829916
0.100995  -0.958327  -0.267225 0.0637068 -0.181106  -0.958269  -0.221182 -0.0207533
-0.0554885  0.262754  -0.963266 0.676999 -0.0206919  0.228564  -0.973309 0.476946
0 0 0 1 0 0 0 1
1  -3.33342e-05  9.962e-05 -0.0974468 1  4.38146e-05  -0.000138872 0.0484052
-3.33204e-05  -1  -0.000138737 -0.0256575 4.37544e-05  -1  -0.0004341 -0.0256552
9.96247e-05  0.000138733  -1 0.512868 -0.000138891  0.000434094  -1 0.484482
0 0 0 1 0 0 0 1
0.96086  0.0949007  -0.260273 0.211148 0.964789  0.0238633  -0.261941 0.0576217
0.0844174  -0.995115  -0.0511917 -0.0881528 -0.0021276  -0.995135  -0.0984954 -0.00129159
-0.26386  0.0272165  -0.964177 0.891909 -0.263017  0.0955845  -0.960045 0.489307
0 0 0 1 0 0 0 1
0.99689  -0.0784604  -0.00730376 -0.15815 0.999767  0.0186434  -0.0108466 -0.0949657
-0.077789  -0.994666  0.0677439 0.0803795 0.019646  -0.994676  0.10116 0.0192233
-0.01258  -0.0669651  -0.997676 0.654327 -0.0089029  -0.101349  -0.994811 0.483917
0 0 0 1 0 0 0 1
0.979632  -0.142436  -0.141535 0.0537862 0.988677  0.00761896  -0.149864 0.026233
-0.127303  -0.985655  0.110803 0.0941219 0.0327238  -0.98562  0.165776 -0.00560445
-0.155287  -0.0905281  -0.983713 0.76291 -0.146446  -0.168803  -0.97471 0.486232
0 0 0 1 0 0 0 1
0.946773  -0.311591  -0.0808194 0.00871285 0.967018  0.170557  -0.189175 -0.0217886
-0.251358  -0.872457  0.419093 0.0482569 0.237474  -0.872275  0.427483 0.0335672
-0.201097  -0.376471  -0.904339 0.794452 -0.0921026  -0.458308  -0.884008 0.465735
0 0 0 1 0 0 0 1
0.934816  -0.324722  -0.143789 0.0717343 0.975509  0.0623716  -0.210932 -0.0537066
-0.26696  -0.909557  0.318493 0.146532 0.1426  -0.909463  0.390567 0.0153526
-0.234206  -0.259346  -0.936956 0.906046 -0.167475  -0.41108  -0.896083 0.468173
0 0 0 1 0 0 0 1
0.984487  0.140891  -0.104573 -0.0501257 0.993755  0.000405273  -0.111581 -0.0866856
0.130937  -0.986668  -0.0966512 -0.14688 -0.017723  -0.986725  -0.161428 -0.0276629
-0.116796  0.0814594  -0.98981 0.80223 -0.110165  0.162398  -0.980556 0.478449
0 0 0 1 0 0 0 1
0.989927  0.0506884  -0.132196 0.0197587 0.988992  0.0703787  -0.130157 0.00435248
0.0570901  -0.99735  0.0450911 -0.125282 0.0674009  -0.997357  -0.0271496 0.00583078
-0.12956  -0.0521839  -0.990197 0.748438 -0.131724  0.018078  -0.991122 0.487563
0 0 0 1 0 0 0 1
0.99642  -0.0843279  -0.00595433 -0.124264 0.99904  0.0419252  -0.0127071 -0.0334613
-0.083338  -0.991663  0.0982795 0.0290342 0.043162  -0.991628  0.121697 -0.013515
-0.0141924  -0.0974315  -0.995141 0.603557 -0.00749857  -0.122129  -0.992486 0.487969
0 0 0 1 0 0 0 1
0.952296  -0.152326  -0.264442 0.220963 0.954627  0.0778856  -0.28744 0.0442448
-0.0962266  -0.972196  0.213484 -0.0513283 0.136478  -0.972289  0.189809 -0.00905989
-0.289609  -0.177854  -0.940476 0.921656 -0.264691  -0.220426  -0.938803 0.490311
0 0 0 1 0 0 0 1
0.997592  0.0689065  -0.00787489 -0.126626 0.998687  -0.0494221  -0.0135116 -0.0337558
0.067811  -0.992901  -0.0977218 -0.050249 -0.0505896  -0.992935  -0.107331 -0.0320552
-0.0145527  0.0969525  -0.995183 0.602562 -0.0081116  0.107873  -0.994132 0.486168
0 0 0 1 0 0 0 1
0.967579  0.129273  -0.216978 0.129077 0.969809  -0.06963  -0.233712 0.00308699
0.0903547  -0.979399  -0.180593 0.0209509 -0.110924  -0.979444  -0.168482 -0.000431844
-0.235854  0.155133  -0.959326 0.887316 -0.217177  0.18932  -0.957597 0.48564
0 0 0 1 0 0 0 1
0.992193  -0.0234009  -0.1225 -0.0364683 0.986202  0.105272  -0.127759 -0.07586
-0.00637382  -0.99047  0.137582 -0.122633 0.115367  -0.990536  0.0743527 -0.00788614
-0.124552  -0.135728  -0.982886 0.800845 -0.118723  -0.088066  -0.989014 0.483825
0 0 0 1 0 0 0 1
0.912014  -0.40799  -0.0421217 0.0155282 0.965625  0.165465  -0.200476 -0.0286966
-0.338739  -0.807133  0.483521 0.140218 0.249405  -0.807099  0.535153 0.0460867
-0.231269  -0.42671  -0.874319 0.815548 -0.0732551  -0.566756  -0.820622 0.454236
0 0 0 1 0 0 0 1
0.963224  0.268508  0.0101183 -0.0984061 0.97926  -0.184659  -0.0833662 -0.0269097
0.252138  -0.890201  -0.379433 -0.09787 -0.202602  -0.890092  -0.408275 -0.0456286
-0.0928735  0.36803  -0.925164 0.649417 0.00118812  0.416698  -0.909044 0.470588
0 0 0 1 0 0 0 1
0.99941  0.0343256  -0.00145318 -0.16685 0.999511  -0.0310827  -0.00328556 -0.106957
0.034191  -0.997854  -0.0558452 0.0197846 -0.0312202  -0.997863  -0.0574045 0.0228283
-0.00336698  0.0557626  -0.998438 0.654691 -0.00149425  0.057479  -0.998346 0.491691
0 0 0 1 0 0 0 1
0.989826  -0.0860706  -0.113294 -0.0192158 0.993342  -0.00273848  -0.115173 -0.0381338
-0.0801436  -0.995216  0.0558772 0.104908 0.00854502  -0.995212  0.0973623 0.0295313
-0.117562  -0.0462289  -0.991989 0.767208 -0.114888  -0.0976981  -0.988562 0.487427
0 0 0 1 0 0 0 1
0.979992  -0.19897  -0.00522365 -0.137741 0.980595  0.182785  -0.0708768 -0.095665
-0.18587  -0.924225  0.333556 0.0188552 0.195965  -0.924268  0.327607 0.0294944
-0.0711956  -0.325911  -0.942716 0.694964 -0.00562766  -0.335139  -0.942152 0.479346
0 0 0 1 0 0 0 1
0.934097  0.35681  -0.0122108 -0.06144 0.97661  -0.164792  -0.138117 -0.0697369
0.317624  -0.846157  -0.42794 -0.156593 -0.211931  -0.846179  -0.488944 -0.0453684
-0.163026  0.395859  -0.903724 0.773038 -0.0362976  0.506779  -0.861312 0.461704
0 0 0 1 0 0 0 1
0.991221  0.0990679  -0.0875545 -0.0741085 0.98843  -0.10825  -0.106248 -0.0963358
0.0808961  -0.978243  -0.191041 0.0435275 -0.124935  -0.978248  -0.165594 -0.00286906
-0.104576  0.182281  -0.977669 0.78442 -0.0860111  0.176953  -0.980454 0.486681
0 0 0 1 0 0 0 1
0.990406  0.0667552  -0.120991 0.0533543 0.990014  -0.0592448  -0.127913 0.0774184
0.0528568  -0.991999  -0.114648 0.00456826 -0.072675  -0.992021  -0.103017 -0.0165304
-0.127676  0.107153  -0.986011 0.682992 -0.120789  0.111285  -0.986421 0.496781
0 0 0 1 0 0 0 1
0.983686  -0.0040855  -0.179849 0.09656 0.983219  -0.0302675  -0.179899 0.0352263
-0.00987441  -0.999461  -0.0313042 0.063292 -0.0320911  -0.999459  -0.00723418 0.0193043
-0.179624  0.0325694  -0.983196 0.799176 -0.179583  0.0128859  -0.983659 0.496631
0 0 0 1 0 0 0 1
0.951578  0.15248  -0.266925 0.239922 0.959198  -0.0277589  -0.28137 0.0575623
0.112861  -0.980964  -0.158026 -0.0212659 -0.0802338  -0.980982  -0.176739 0.0130686
-0.28594  0.120249  -0.950673 0.91926 -0.271113  0.192103  -0.943183 0.499354
0 0 0 1 0 0 0 1
0.992438  0.0906102  -0.082806 -0.026814 0.99452  -0.0508587  -0.0913456 -0.00298816
0.0805099  -0.989733  -0.118094 -0.00795155 -0.0624792  -0.989644  -0.129232 0.011
-0.0926563  0.110534  -0.989544 0.699297 -0.083827  0.134231  -0.987398 0.494872
0 0 0 1 0 0 0 1
0.977815  0.187957  -0.0924625 -0.0312817 0.988535  -0.0843423  -0.125237 -0.0645795
0.163272  -0.960421  -0.225685 -0.0505598 -0.114205  -0.960233  -0.254773 0.00111493
-0.131222  0.205581  -0.969803 0.792695 -0.0987688  0.266154  -0.958857 0.487927
0 0 0 1 0 0 0 1
0.88824  -0.458273  0.0318545 -0.0356818 0.952862  0.224888  -0.203668 -0.0428085
-0.390987  -0.717778  0.576128 0.152533 0.30336  -0.717788  0.6267 0.0602656
-0.24116  -0.524195  -0.816738 0.782758 -0.00525325  -0.658943  -0.752175 0.438128
0 0 0 1 0 0 0 1
0.99227  -0.12279  -0.017986 -0.0510834 0.996195  0.0794341  -0.0358708 0.0643906
-0.11815  -0.979058  0.16579 0.0351538 0.0847322  -0.979066  0.185067 -5.66208e-05
-0.0379667  -0.162383  -0.985997 0.551986 -0.0204192  -0.187402  -0.982071 0.49573
0 0 0 1 0 0 0 1
0.986906  -0.0159446  -0.160507 -0.00380832 0.984513  -0.0707771  -0.16039 -0.103079
-0.0271892  -0.997308  -0.068106 0.101103 -0.0734651  -0.997238  -0.0108842 -0.00513396
-0.158989  0.0715783  -0.984682 0.882613 -0.159177  0.0224987  -0.986994 0.486863
0 0 0 1 0 0 0 1
0.993078  -0.075862  -0.0896667 -0.0806994 0.98582  0.129108  -0.107194 -0.110315
-0.0568051  -0.978421  0.198658 -0.0791986 0.144287  -0.978308  0.148641 0.0131789
-0.102802  -0.19219  -0.975958 0.792961 -0.0856783  -0.162  -0.983064 0.488006
0 0 0 1 0 0 0 1
0.96605  -0.215976  -0.141783 0.0509116 0.986377  0.0174454  -0.163576 -0.0302981
-0.189768  -0.965585  0.177861 0.138347 0.059044  -0.965649  0.253054 0.000629158
-0.175317  -0.144916  -0.973788 0.837054 -0.153542  -0.259264  -0.953523 0.489851
0 0 0 1 0 0 0 1
0.995545  -0.0928355  -0.0164598 -0.0753009 0.999524  0.0220298  -0.0216073 0.0250293
-0.0912202  -0.992548  0.0807954 0.0450631 0.0244522  -0.992576  0.119143 -0.0253978
-0.0238378  -0.078934  -0.996595 0.574475 -0.0188222  -0.119615  -0.992642 0.498143
0 0 0 1 0 0 0 1
0.965823  -0.259089  0.00771077 -0.0723863 0.97853  0.188211  -0.0840021 0.00915382
-0.242666  -0.893345  0.378217 0.073448 0.206106  -0.89337  0.399263 0.0348922
-0.0911034  -0.367162  -0.925685 0.62192 0.00010065  -0.408004  -0.91298 0.481632
0 0 0 1 0 0 0 1
0.99441  -0.0507097  -0.0926138 0.0289464 0.995196  0.024019  -0.0949121 0.0847046
-0.0450736  -0.99706  0.0619663 -0.0153139 0.0307311  -0.99708  0.0699022 -0.0303953
-0.0954838  -0.0574455  -0.993772 0.635285 -0.092956  -0.0724832  -0.993028 0.501641
0 0 0 1 0 0 0 1
0.988471  -0.13255  -0.0731797 -0.00133512 0.985516  0.133413  -0.104689 0.048301
-0.111407  -0.96403  0.24132 -0.0425316 0.153565  -0.963984  0.217146 0.00187022
-0.102534  -0.230385  -0.967683 0.652135 -0.0719483  -0.230077  -0.970509 0.497014
0 0 0 1 0 0 0 1
0.992252  0.116418  -0.0434016 -0.11166 0.998801  -0.00669015  -0.0484868 -0.103661
0.112687  -0.990381  -0.0802958 -0.0812847 -0.0133267  -0.99036  -0.137873 0.023359
-0.052332  0.0747828  -0.995826 0.729203 -0.047097  0.138354  -0.989262 0.495952
0 0 0 1 0 0 0 1
0.999122  0.0121931  -0.0400858 -0.126546 0.997185  0.063385  -0.0400618 -0.104433
0.0147983  -0.997753  0.0653503 -0.0650572 0.0642235  -0.997735  0.0200007 0.0182348
-0.0391989  -0.0658861  -0.997057 0.709624 -0.0387034  -0.0225173  -0.998997 0.495685
0 0 0 1 0 0 0 1
0.996031  -0.0237708  -0.0857784 0.026917 0.995668  -0.0375993  -0.0850428 0.0978243
-0.0262018  -0.999283  -0.0273273 0.0555016 -0.0369177  -0.999272  0.00957407 -0.0107979
-0.0850673  0.0294663  -0.995939 0.609388 -0.0853409  -0.00639301  -0.996331 0.50219
0 0 0 1 0 0 0 1
0.936844  -0.342767  -0.0695258 0.0180858 0.983438  0.0937406  -0.155119 -0.0425061
-0.298996  -0.888051  0.349238 0.165391 0.153016  -0.888112  0.433409 0.0116408
-0.18145  -0.306394  -0.934451 0.817732 -0.0971346  -0.449967  -0.887747 0.481034
0 0 0 1 0 0 0 1
0.994883  0.0762828  -0.0662427 0.0128991 0.997657  -0.000867314  -0.0684022 0.0977002
0.0730612  -0.996085  -0.0497679 -0.0424723 -0.00690745  -0.996086  -0.0881163 0.0272298
-0.0697798  0.0446735  -0.996562 0.58724 -0.068058  0.0883824  -0.993759 0.504295
0 0 0 1 0 0 0 1
0.975583  -0.0421918  -0.215542 0.169171 0.976116  0.00876446  -0.217074 0.0728182
-0.033698  -0.99851  0.0429324 0.0208331 0.020305  -0.998493  0.0509911 0.00661448
-0.217032  -0.0346208  -0.97555 0.823914 -0.2163  -0.0541809  -0.974823 0.505718
0 0 0 1 0 0 0 1
0.999356  0.0357442  0.00314381 -0.0576409 0.999327  -0.0366653  0.00115511 0.1045
0.0358712  -0.997379  -0.0628308 -0.00523884 -0.0365214  -0.997375  -0.0625274 -0.00605003
0.000889734  0.0629032  -0.998019 0.469053 0.00344466  0.0624431  -0.998043 0.500057
0 0 0 1 0 0 0 1
0.994636  0.0664917  -0.0792341 -0.024805 0.996572  0.0241459  -0.079122 0.00374593
0.0654147  -0.997728  -0.016114 -0.0679237 0.0190419  -0.997727  -0.0646386 0.02114
-0.0801255  0.0108445  -0.996726 0.683292 -0.0805029  0.0629105  -0.994767 0.500888
0 0 0 1 0 0 0 1
0.999802  -0.0173105  0.00978288 -0.122845 0.999356  -0.0343932  0.0102535 -0.013967
-0.0170119  -0.999411  -0.0298186 0.0389892 -0.0343879  -0.999408  -0.000691728 -0.0153392
0.0102933  0.0296463  -0.999507 0.558578 0.0102712  0.000338686  -0.999947 0.501091
0 0 0 1 0 0 0 1
0.997485  0.0034347  -0.0707887 -0.0658444 0.996956  -0.0331755  -0.0705511 -0.0495399
0.000595632  -0.999196  -0.0400884 0.0087978 -0.0347379  -0.999175  -0.0210348 -0.0271981
-0.0708695  0.0399454  -0.996685 0.713021 -0.0697951  0.0234215  -0.997286 0.499062
0 0 0 1 0 0 0 1
0.929633  0.365662  0.0455313 -0.104862 0.950263  -0.271102  -0.15331 -0.0554009
0.329379  -0.769208  -0.547567 -0.0816862 -0.309621  -0.769065  -0.559172 -0.0609702
-0.165201  0.524033  -0.835522 0.69926 0.0336871  0.578829  -0.814753 0.455459
0 0 0 1 0 0 0 1
0.993177  -0.116489  -0.00537134 -0.138777 0.989419  0.140918  -0.0345317 -0.0860164
-0.112071  -0.966213  0.232105 -0.015742 0.14505  -0.966193  0.213148 0.0190222
-0.0322277  -0.22992  -0.972676 0.661435 -0.0033279  -0.215901  -0.97641 0.495962
0 0 0 1 0 0 0 1
0.993154  0.112621  -0.0310251 -0.0286757 0.996356  -0.0719237  -0.0458357 0.0754114
0.106676  -0.982606  -0.152004 -0.0230963 -0.0786752  -0.982577  -0.168383 0.00636683
-0.0476043  0.147654  -0.987893 0.563179 -0.0329264  0.171376  -0.984655 0.502901
0 0 0 1 0 0 0 1
0.988889  0.102725  -0.107454 -0.00310725 0.98364  -0.124656  -0.130047 -0.0200604
0.0778326  -0.973621  -0.214484 0.0791961 -0.146515  -0.973617  -0.17494 0.00692993
-0.126653  0.203738  -0.970799 0.753383 -0.104809  0.191132  -0.975953 0.499132
0 0 0 1 0 0 0 1
0.989863  -0.0867207  -0.112475 -0.0114068 0.983125  0.127386  -0.131294 -0.0377446
-0.0622364  -0.97671  0.205339 -0.0742357 0.147512  -0.976498  0.157133 0.0157221
-0.127662  -0.196257  -0.972206 0.769937 -0.108192  -0.173849  -0.978811 0.496599
0 0 0 1 0 0 0 1
0.992462  -0.0919182  -0.0810609 -0.0475682 0.993759  0.0632912  -0.0918594 -0.0506331
-0.0805423  -0.987717  0.133899 -0.00953956 0.0755345  -0.987743  0.136595 -0.0148892
-0.0923729  -0.12636  -0.987674 0.741267 -0.0820882  -0.142681  -0.986359 0.499943
0 0 0 1 0 0 0 1
0.999385  -0.0304849  -0.017351 -0.0323045 0.999835  -0.00231803  -0.0180217 0.111517
-0.0302176  -0.999424  0.0154631 0.0151372 -0.00170245  -0.999417  0.0340985 -0.0186387
-0.0178124  -0.0149293  -0.99973 0.495885 -0.0180902  -0.0340622  -0.999256 0.503849
0 0 0 1 0 0 0 1
0.94417  -0.329095  0.0154855 -0.0461665 0.973391  0.198528  -0.114438 0.00952743
-0.302116  -0.846106  0.439124 0.108846 0.229145  -0.846288  0.480926 0.0320078
-0.131411  -0.419286  -0.898293 0.659182 -0.00137073  -0.494352  -0.869261 0.480878
0 0 0 1 0 0 0 1
0.991025  0.130504  -0.028939 -0.0857871 0.987769  -0.143203  -0.0616887 -0.0330771
0.119459  -0.961785  -0.246374 0.0299554 -0.15359  -0.961801  -0.226601 -0.00604316
-0.0599858  0.240706  -0.968743 0.656361 -0.0268823  0.233305  -0.972032 0.498378
0 0 0 1 0 0 0 1
0.99209  -0.0694276  -0.10458 0.0416153 0.989151  0.0911226  -0.115229 0.0759715
-0.0530772  -0.986996  0.151726 -0.0364759 0.105174  -0.986891  0.122409 0.0184574
-0.113754  -0.144975  -0.982874 0.662993 -0.102564  -0.1332  -0.985768 0.504776
0 0 0 1 0 0 0 1
0.991585  0.0532326  -0.118002 0.0423325 0.992745  0.0220908  -0.118196 0.0509036
0.0522191  -0.998568  -0.0116661 -0.109562 0.0161366  -0.998563  -0.0510979 -0.0375992
-0.118454  0.00540599  -0.992945 0.701904 -0.119155  0.0488198  -0.991675 0.504411
0 0 0 1 0 0 0 1
0.980328  -0.139032  -0.140094 0.090374 0.988878  0.0110124  -0.148322 0.0722934
-0.123766  -0.985927  0.11238 0.113065 0.035515  -0.98589  0.163583 0.0199714
-0.153747  -0.0928301  -0.98374 0.729895 -0.144428  -0.167032  -0.975316 0.504547
0 0 0 1 0 0 0 1
0.989881  -0.12694  -0.0634191 -0.0968725 0.977253  0.184518  -0.104546 -0.110792
-0.102838  -0.949703  0.295785 -0.0925528 0.204675  -0.949688  0.237066 0.014705
-0.0977763  -0.28627  -0.953147 0.765559 -0.0555428  -0.253072  -0.965852 0.492581
0 0 0 1 0 0 0 1
0.983082  0.177616  -0.0447376 -0.016802 0.994322  -0.0777367  -0.0726721 0.0445196
0.165106  -0.965073  -0.203404 -0.0749765 -0.0933501  -0.965028  -0.244964 0.000820026
-0.079303  0.192577  -0.978072 0.629855 -0.0510879  0.250357  -0.966805 0.502266
0 0 0 1 0 0 0 1
0.982586  -0.176228  -0.0588846 -0.0220932 0.995271  0.0539105  -0.0807985 0.00491122
-0.163506  -0.970625  0.176499 0.0812767 0.0712412  -0.970593  0.229945 -0.0159022
-0.0882592  -0.163798  -0.982538 0.683094 -0.0660259  -0.234614  -0.969844 0.50292
0 0 0 1 0 0 0 1
0.959303  -0.264386  -0.0991827 0.0534875 0.977418  0.127207  -0.168736 0.0287366
-0.218043  -0.916732  0.334754 0.0808943 0.180749  -0.916941  0.355737 0.0416964
-0.179428  -0.299504  -0.937071 0.759489 -0.109468  -0.378203  -0.919227 0.491432
0 0 0 1 0 0 0 1
0.990786  0.0684573  -0.116861 -0.0314525 0.992005  0.0524493  -0.114779 -0.0853401
0.0704589  -0.997429  0.0130794 -0.151865 0.0464582  -0.997445  -0.0542649 -0.0288547
-0.115665  -0.0211928  -0.993062 0.811579 -0.117332  0.0484987  -0.991908 0.498464
0 0 0 1 0 0 0 1
0.999059  0.0159021  -0.0403468 -0.0678724 0.998386  0.0405958  -0.0397233 -0.00408128
0.0174128  -0.99915  0.0373733 -0.0738318 0.0407709  -0.999162  0.00360739 -0.0125976
-0.0397181  -0.0380406  -0.998487 0.629527 -0.0395435  -0.00522112  -0.999204 0.505146
0 0 0 1 0 0 0 1
0.899371  0.436428  -0.0257195 0.0141267 0.955672  -0.193057  -0.222307 -0.0419727
0.355455  -0.76422  -0.538164 -0.129217 -0.288555  -0.764233  -0.576787 -0.0587063
-0.254525  0.474867  -0.842448 0.834991 -0.0585415  0.615367  -0.786064 0.45444
0 0 0 1 0 0 0 1
0.993974  -0.0494437  -0.0978305 -0.0502638 0.994063  -0.050291  -0.0964894 -0.0839068
-0.0521209  -0.998328  -0.0249999 0.140721 -0.0473361  -0.998344  0.0326741 0.036085
-0.0964308  0.0299482  -0.994889 0.7839 -0.0979729  -0.0279126  -0.994798 0.501029
0 0 0 1 0 0 0 1
0.989965  0.0471516  -0.133216 0.0236347 0.990166  -0.0314572  -0.136312 -0.0176761
0.038192  -0.996883  -0.0690298 -0.0238932 -0.0410025  -0.996857  -0.0677926 -0.0269018
-0.136056  0.0632493  -0.98868 0.784677 -0.133751  0.0727151  -0.988344 0.503395
0 0 0 1 0 0 0 1
0.986862  -0.161538  0.00295122 -0.0591547 0.987355  0.153192  -0.0407756 0.0580816
-0.156196  -0.949238  0.27304 0.00920245 0.158498  -0.949225  0.271753 0.0116968
-0.041305  -0.269914  -0.961998 0.543742 0.00292511  -0.27478  -0.961503 0.502493
0 0 0 1 0 0 0 1
0.974285  0.164462  -0.154017 0.0543643 0.986868  0.0175094  -0.160575 -0.0404258
0.150121  -0.983536  -0.100599 -0.132027 -0.011891  -0.983535  -0.180326 0.0135833
-0.168026  0.074891  -0.982934 0.848376 -0.161089  0.179867  -0.970411 0.502092
0 0 0 1 0 0 0 1
0.932459  -0.360109  0.029014 -0.0899576 0.968803  0.212875  -0.126906 -0.0703797
-0.329576  -0.814997  0.476612 0.137299 0.247704  -0.815199  0.523539 0.0510414
-0.147986  -0.453983  -0.878635 0.731298 0.00799465  -0.538641  -0.842497 0.468755
0 0 0 1 0 0 0 1
0.980325  -0.193708  -0.0379449 -0.0957281 0.990213  0.114602  -0.0796583 -0.0992826
-0.177859  -0.950224  0.255812 0.0681826 0.132664  -0.950147  0.282171 0.0204236
-0.085609  -0.24403  -0.965982 0.750351 -0.0433498  -0.289977  -0.956051 0.496347
0 0 0 1 0 0 0 1
0.992696  -0.046741  -0.111222 0.0106059 0.993407  0.0142543  -0.113755 -0.00515366
-0.0414973  -0.997936  0.0490039 -0.00604999 0.0212245  -0.997955  0.0602989 -0.0275142
-0.113283  -0.0440306  -0.992587 0.744827 -0.112663  -0.0623158  -0.991677 0.50854
0 0 0 1 0 0 0 1
0.960684  0.262237  -0.0912003 0.0376894 0.9821  -0.109682  -0.153132 0.0118304
0.222868  -0.924257  -0.309966 -0.110652 -0.157508  -0.924053  -0.348306 -0.0417452
-0.165577  0.277454  -0.946363 0.761408 -0.103299  0.366191  -0.924788 0.49453
0 0 0 1 0 0 0 1
0.993618  0.0857205  -0.0733138 -0.00172046 0.986006  -0.137641  -0.0940614 0.0453754
0.0682044  -0.974278  -0.214781 0.0674436 -0.151885  -0.974279  -0.166469 -0.0207734
-0.0898392  0.20841  -0.973907 0.645378 -0.068729  0.178426  -0.98155 0.507794
0 0 0 1 0 0 0 1
0.988133  0.086461  -0.126958 -0.0194081 0.972915  -0.172954  -0.153374 -0.0892827
0.0512721  -0.964788  -0.257983 0.148667 -0.198871  -0.964469  -0.173926 -0.00696194
-0.144793  0.248412  -0.957772 0.829028 -0.117843  0.199717  -0.972742 0.499046
0 0 0 1 0 0 0 1
0.970806  0.21511  -0.106131 -0.0184552 0.975454  -0.145564  -0.165228 -0.0921968
0.171475  -0.931766  -0.320013 -0.00543478 -0.191311  -0.931765  -0.308566 -0.0262723
-0.167727  0.292472  -0.94145 0.850169 -0.109038  0.332602  -0.936742 0.491591
0 0 0 1 0 0 0 1
0.967564  -0.245337  -0.0602531 -0.0131835 0.982312  0.138034  -0.126533 -0.0215465
-0.213441  -0.921478  0.324534 0.0563632 0.174197  -0.921525  0.347054 0.0150406
-0.135142  -0.301146  -0.943953 0.743566 -0.0686979  -0.362957  -0.92927 0.499346
0 0 0 1 0 0 0 1
0.974443  0.216637  -0.0594144 -0.00809482 0.965608  -0.216236  -0.144371 0.0124523
0.176292  -0.90142  -0.395428 0.0559527 -0.25425  -0.901455  -0.350338 -0.0262247
-0.139222  0.374848  -0.916573 0.695331 -0.054388  0.374995  -0.92543 0.499162
0 0 0 1 0 0 0 1
0.993536  -0.0405876  -0.106011 0.0132251 0.993851  -0.0332308  -0.105622 0.0102764
-0.0420096  -0.999054  -0.0112147 0.116884 -0.0300882  -0.99906  0.0312093 0.0409054
-0.105456  0.0155957  -0.994302 0.720778 -0.10656  -0.0278394  -0.993916 0.51047
0 0 0 1 0 0 0 1
0.992567  -0.0382122  -0.115544 0.0716762 0.991967  0.0434421  -0.118807 0.098252
-0.0293949  -0.996592  0.0770752 0.00521991 0.0512548  -0.996664  0.0635144 0.0282823
-0.118095  -0.0731059  -0.990308 0.663199 -0.115651  -0.0690936  -0.990884 0.515507
0 0 0 1 0 0 0 1
0.999255  -0.0356819  0.0147238 -0.154899 0.998697  -0.0483704  0.0162568 -0.0898044
-0.0351362  -0.998741  -0.0357901 0.0554529 -0.0485748  -0.998742  0.0124209 -0.0326113
0.0159824  0.0352461  -0.999251 0.620101 0.0156355  -0.0131943  -0.999791 0.512459
0 0 0 1 0 0 0 1
0.995839  0.0910523  0.00369702 -0.154777 0.996785  -0.0795804  -0.00931982 -0.111867
0.090628  -0.985326  -0.144634 -0.0505943 -0.0800745  -0.985306  -0.150864 -0.0393792
-0.00952651  0.144368  -0.989478 0.66859 0.00282292  0.151125  -0.988511 0.506931
0 0 0 1 0 0 0 1
0.966507  -0.222408  -0.128059 0.045627 0.960845  0.186707  -0.204738 -0.0290544
-0.159977  -0.912285  0.377019 -0.0736761 0.246894  -0.912299  0.326733 0.0183453
-0.200678  -0.343905  -0.91731 0.829259 -0.125779  -0.364488  -0.922675 0.497262
0 0 0 1 0 0 0 1
0.942755  0.332052  0.0309108 -0.0619042 0.96778  -0.223971  -0.115061 0.000709076
0.307245  -0.828788  -0.467665 -0.110176 -0.251253  -0.828941  -0.499729 -0.0511627
-0.12967  0.45039  -0.883365 0.650883 0.0165465  0.512537  -0.858506 0.481362
0 0 0 1 0 0 0 1
0.978502  -0.206234  -0.00146174 -0.136222 0.962495  0.253362  -0.0970082 -0.110749
-0.186454  -0.887638  0.42111 -0.0527554 0.271177  -0.887729  0.372022 0.0365037
-0.0881449  -0.411785  -0.907008 0.708094 0.00813941  -0.384376  -0.923141 0.491081
0 0 0 1 0 0 0 1
0.959043  -0.259165  -0.114327 0.0508208 0.985471  0.0611391  -0.158455 -0.0154252
-0.223601  -0.940426  0.256129 0.159424 0.110077  -0.940406  0.321744 0.0397052
-0.173895  -0.220075  -0.959858 0.81262 -0.129341  -0.334511  -0.933474 0.497582
0 0 0 1 0 0 0 1
0.976952  -0.143572  -0.157964 0.0464385 0.986044  0.00788314  -0.166299 -0.0612721
-0.126383  -0.98541  0.113996 0.0829723 0.0359648  -0.985379  0.166537 -0.0121635
-0.172025  -0.0914044  -0.980843 0.872485 -0.162554  -0.170194  -0.971911 0.506078
0 0 0 1 0 0 0 1
0.995734  0.0922602  0.00104463 -0.0705985 0.995308  -0.0956308  -0.0147385 0.0481388
0.0911758  -0.982169  -0.164414 -0.0366317 -0.0967554  -0.982175  -0.161153 -0.0426155
-0.0141428  0.163808  -0.986391 0.535476 0.000935397  0.161822  -0.986819 0.508739
0 0 0 1 0 0 0 1
0.998377  0.0181227  -0.0539961 -0.0263807 0.993377  -0.0986858  -0.0588417 0.0361384
0.0112569  -0.992112  -0.124846 0.0698205 -0.102843  -0.992059  -0.0724 -0.0266829
-0.0558327  0.124036  -0.990706 0.618191 -0.0512296  0.077972  -0.995638 0.513373
0 0 0 1 0 0 0 1
0.977101  -0.16855  -0.129864 0.0367138 0.979657  0.113283  -0.165646 -0.0263906
-0.132126  -0.959032  0.2506 0.00506333 0.151469  -0.958869  0.240057 0.0255681
-0.166782  -0.227703  -0.959341 0.81401 -0.131638  -0.260264  -0.956522 0.503787
0 0 0 1 0 0 0 1
0.998827  0.0441909  -0.0198055 -0.13224 0.999768  0.00728685  -0.0202779 -0.10854
0.04384  -0.99888  -0.017818 -0.100561 0.00633399  -0.998891  -0.0466639 -0.0477476
-0.0205707  0.0169289  -0.999645 0.694998 -0.0205954  0.0465247  -0.998705 0.511726
0 0 0 1 0 0 0 1
0.991204  -0.132226  0.00548472 -0.0957134 0.992899  0.116903  -0.0220108 -0.00900107
-0.130361  -0.968409  0.212581 0.0350466 0.118878  -0.968394  0.219273 0.0228788
-0.0227973  -0.211427  -0.977128 0.590138 0.0043185  -0.220333  -0.975415 0.509398
0 0 0 1 0 0 0 1
0.986654  0.162496  -0.0104037 -0.137578 0.972278  -0.221035  -0.0762787 -0.118741
0.148231  -0.922808  -0.355603 0.0550242 -0.233811  -0.922792  -0.306247 -0.0353482
-0.0673845  0.349315  -0.934579 0.712438 -0.00269829  0.315592  -0.948891 0.498665
0 0 0 1 0 0 0 1
0.973045  -0.207828  -0.0999568 0.0672377 0.989524  0.0602376  -0.131201 0.0597447
-0.18303  -0.95964  0.213522 0.0989811 0.0936029  -0.959587  0.265388 0.00458011
-0.140298  -0.189471  -0.971811 0.713762 -0.109912  -0.274888  -0.955173 0.51333
0 0 0 1 0 0 0 1
0.998957  -0.0451445  0.006851 -0.0514543 0.997101  0.0760814  0.000491843 0.101716
-0.0456311  -0.992462  0.113742 0.00988499 0.0756813  -0.99248  0.0962094 0.0415212
0.00166455  -0.113936  -0.993487 0.471908 0.00780789  -0.0958934  -0.995361 0.512219
0 0 0 1 0 0 0 1
0.998158  -0.0584063  -0.0163867 -0.12988 0.99302  0.114336  -0.0289453 -0.100762
