0.96338  0.249392  0.0985037 0.0597309 0.954724  -0.29513  -0.037413 -0.260534
0.265596  -0.837034  -0.478365 -0.230347 -0.276555  -0.834139  -0.47721 -0.242263
-0.0368493  0.487009  -0.872619 0.92325 0.109631  0.46595  -0.877993 0.88713
0 0 0 1 0 0 0 1
0.997244  0.0671003  -0.0316389 0.232875 0.983672  -0.170888  -0.0564442 -0.25417
0.057025  -0.966146  -0.251614 0.247803 -0.178279  -0.968144  -0.175822 0.122239
-0.0474511  0.249116  -0.96731 1.07063 -0.0246001  0.183014  -0.982802 1.01155
0 0 0 1 0 0 0 1
0.975756  0.149502  0.159844 0.0374672 0.926753  -0.374322  0.0318189 -0.424889
0.21052  -0.840842  -0.498665 -0.00458569 -0.326733  -0.844929  -0.423486 -0.135982
0.0598518  0.520225  -0.851929 0.978873 0.185405  0.38207  -0.905344 1.03362
0 0 0 1 0 0 0 1
0.967406  0.248034  0.0510323 0.189921 0.902156  -0.40468  -0.149493 -0.231275
0.224953  -0.749212  -0.622959 0.105858 -0.420771  -0.748911  -0.511942 -0.102776
-0.116281  0.614134  -0.780588 0.981921 0.0952157  0.524754  -0.845912 0.973419
0 0 0 1 0 0 0 1
0.949746  -0.312945  0.00694864 0.290541 0.928543  0.312809  -0.199896 -0.128788
-0.262458  -0.784034  0.5625 -0.160099 0.371117  -0.769193  0.520206 -0.0325753
-0.170584  -0.536056  -0.826768 1.0171 0.00896669  -0.557218  -0.830318 0.93434
0 0 0 1 0 0 0 1
0.977267  0.209684  -0.0313258 0.239243 0.988262  -0.126357  -0.0858642 -0.145979
0.192485  -0.939461  -0.283482 -0.244935 -0.146748  -0.941428  -0.303611 -0.193567
-0.0888711  0.271008  -0.958466 1.00153 -0.0424717  0.312647  -0.948919 0.905702
0 0 0 1 0 0 0 1
0.943139  -0.325229  0.068665 0.0762811 0.906629  0.370857  -0.201219 -0.23905
-0.290477  -0.705992  0.645909 -0.130204 0.416014  -0.706148  0.572964 0.00421925
-0.161591  -0.629127  -0.76032 0.981414 0.0703976  -0.603176  -0.794496 0.798676
0 0 0 1 0 0 0 1
0.8634  -0.377913  0.334249 0.0434136 0.834745  0.521632  -0.176355 -0.294859
-0.480822  -0.415696  0.772015 -0.115644 0.431494  -0.420709  0.798008 -0.169624
-0.152808  -0.827272  -0.540621 0.865243 0.342072  -0.742229  -0.576265 0.947358
0 0 0 1 0 0 0 1
0.948254  -0.300433  -0.102735 0.248333 0.894548  0.3399  -0.290262 -0.119293
-0.176117  -0.766905  0.617122 -0.188688 0.44115  -0.77587  0.451012 0.0900408
-0.264192  -0.567095  -0.780132 1.02302 -0.0719069  -0.531501  -0.844 0.776408
0 0 0 1 0 0 0 1
0.881222  -0.421414  0.214144 0.114062 0.840186  0.47311  -0.265056 -0.1482
-0.409467  -0.454163  0.791248 -0.0668008 0.488202  -0.447074  0.749522 0.0141486
-0.236187  -0.78495  -0.572774 0.850871 0.236107  -0.759139  -0.606598 0.855218
0 0 0 1 0 0 0 1
0.972306  -0.219911  0.0791225 0.0367052 0.919303  0.385685  -0.0782877 -0.377047
-0.22649  -0.803108  0.551108 -0.182203 0.374707  -0.796979  0.473729 -0.0223037
-0.0576508  -0.553766  -0.830674 1.02292 0.120316  -0.464835  -0.877184 0.930078
0 0 0 1 0 0 0 1
0.832656  0.470048  0.292811 0.187576 0.954614  -0.297825  -0.00343181 -0.149837
0.548872  -0.630157  -0.549219 -0.188647 -0.200345  -0.633552  -0.747311 0.174508
-0.0736422  0.618026  -0.782701 0.824409 0.220393  0.714082  -0.664465 0.933656
0 0 0 1 0 0 0 1
0.970104  -0.217967  0.106718 0.082301 0.897007  0.430471  -0.100365 -0.333176
-0.235798  -0.742494  0.626978 -0.0853084 0.417187  -0.749474  0.514046 0.102707
-0.0574228  -0.633398  -0.771693 0.964952 0.146061  -0.502974  -0.851871 0.973924
0 0 0 1 0 0 0 1
0.958947  0.266358  0.0973329 0.138432 0.942773  -0.32634  -0.0684147 -0.26181
0.277038  -0.806583  -0.522182 -0.00143774 -0.315427  -0.806367  -0.500279 -0.0393731
-0.0605802  0.52771  -0.847261 0.967818 0.108093  0.493229  -0.863157 0.969095
0 0 0 1 0 0 0 1
0.891356  -0.443968  0.0915267 0.121999 0.947032  0.273918  -0.167628 -0.0958957
-0.405702  -0.691251  0.597978 0.153518 0.315062  -0.691424  0.65013 0.0568281
-0.202215  -0.570144  -0.796269 0.884891 0.0621802  -0.668507  -0.741102 0.72486
0 0 0 1 0 0 0 1
0.981136  0.162325  -0.104987 0.353167 0.953915  -0.228696  -0.194277 -0.120288
0.110131  -0.91567  -0.386548 0.251943 -0.27641  -0.921677  -0.27223 0.0716333
-0.15888  0.367694  -0.916274 1.08138 -0.116802  0.313384  -0.942416 0.938466
0 0 0 1 0 0 0 1
0.960478  0.276652  0.0307549 0.177908 0.930899  -0.331544  -0.153318 -0.146912
0.245976  -0.791832  -0.559015 -0.0932034 -0.362738  -0.789652  -0.494844 -0.220041
-0.1303  0.544487  -0.828587 0.932768 0.0429948  0.516264  -0.85535 0.86761
0 0 0 1 0 0 0 1
0.958356  -0.27459  -0.078446 0.246513 0.970127  0.187943  -0.153399 -0.0870973
-0.221719  -0.888563  0.401617 0.170271 0.234924  -0.885574  0.400711 0.183506
-0.179984  -0.367499  -0.912442 0.980417 -0.0605356  -0.424778  -0.903271 0.816834
0 0 0 1 0 0 0 1
0.961244  -0.226127  0.15772 0.0515819 0.941141  0.337735  0.0137618 -0.361892
-0.27512  -0.823784  0.495671 0.0748744 0.288796  -0.82459  0.486465 0.0833684
0.0178422  -0.519853  -0.854069 0.958207 0.175644  -0.453858  -0.873591 0.99308
0 0 0 1 0 0 0 1
0.953535  0.280656  0.109562 0.00366006 0.864594  -0.47221  -0.171741 -0.313873
0.271329  -0.64186  -0.717215 0.0543516 -0.473071  -0.649785  -0.594965 -0.154526
-0.130968  0.713616  -0.688185 0.925474 0.169354  0.595649  -0.785189 0.845649
0 0 0 1 0 0 0 1
0.918063  0.385815  0.0911413 0.230575 0.896589  -0.384356  -0.219997 -0.046882
0.337683  -0.640621  -0.68962 -0.0906582 -0.430729  -0.641325  -0.634961 -0.183088
-0.207679  0.663891  -0.718413 0.853529 0.102962  0.664058  -0.740558 0.873557
0 0 0 1 0 0 0 1
0.83493  0.431744  0.341305 0.198059 0.912499  -0.405799  -0.0517011 -0.16262
0.54383  -0.551993  -0.632102 -0.0552529 -0.287264  -0.545658  -0.787234 0.218099
-0.0845083  0.713373  -0.695671 0.814369 0.291247  0.733202  -0.614483 1.00848
0 0 0 1 0 0 0 1
0.915618  -0.38848  0.103573 0.189322 0.989145  0.146257  -0.0141715 -0.194457
-0.3974  -0.83542  0.379666 0.19379 0.130704  -0.831663  0.539678 -0.0835552
-0.0609656  -0.388789  -0.919308 0.955693 0.0671459  -0.535672  -0.841752 0.910724
0 0 0 1 0 0 0 1
0.998675  -0.0511892  0.00523201 0.208753 0.999561  -0.0273539  -0.0113553 -0.265068
-0.0512138  -0.998677  0.00468909 0.188774 -0.0266521  -0.997965  0.0579323 0.106293
0.00498505  -0.00495083  -0.999975 1.04803 -0.0129169  -0.0576042  -0.998256 1.01902
0 0 0 1 0 0 0 1
0.998511  -0.0544655  -0.00319641 0.294443 0.999718  -0.0212955  0.0105381 -0.223801
-0.0544736  -0.998512  -0.00250974 0.188734 -0.0217891  -0.998552  0.049184 0.106247
-0.00305496  0.00268012  -0.999992 1.05432 0.00947544  -0.0493997  -0.998734 1.09277
0 0 0 1 0 0 0 1
0.998815  -0.0484232  -0.00495679 0.0849853 0.999715  -0.0229103  0.00664635 -0.329953
-0.048402  -0.998819  0.00429934 0.190084 -0.0231963  -0.998638  0.046731 0.107082
-0.00515912  -0.00405432  -0.999978 1.05378 0.00556667  -0.0468719  -0.998885 0.914923
0 0 0 1 0 0 0 1
0.998578  -0.0510836  0.0152188 0.253895 0.999686  -0.0242914  -0.00610482 -0.243538
-0.0510617  -0.998694  -0.00182279 0.231381 -0.023991  -0.998689  0.0452151 0.14765
0.015292  0.0010431  -0.999883 1.05475 -0.00719515  -0.0450544  -0.998959 1.05293
0 0 0 1 0 0 0 1
0.998433  0.0548807  0.0109694 0.271858 0.999541  0.0280281  -0.0115026 -0.233505
0.0548536  -0.998491  0.00275302 -0.0839478 0.0274549  -0.998504  -0.0472786 -0.00023592
0.011104  -0.00214699  -0.999936 1.04824 -0.0128106  0.0469411  -0.998816 1.07233
0 0 0 1 0 0 0 1
0.998321  -0.0570406  -0.0100793 0.168045 0.999546  -0.0271166  -0.0130999 -0.285811
-0.0567851  -0.998097  0.0240375 0.14836 -0.0265274  -0.998713  0.0432282 0.064821
-0.0114313  -0.0234248  -0.99966 1.05369 -0.0142552  -0.042861  -0.998979 0.977438
0 0 0 1 0 0 0 1
0.998469  -0.0553096  0.000219811 0.0854847 0.999631  -0.0270995  -0.00167023 -0.329307
-0.0553049  -0.998313  0.0176648 0.106578 -0.0269763  -0.998286  0.0519313 0.0219617
-0.00075759  -0.0176499  -0.999844 1.05064 -0.00307468  -0.0518671  -0.998649 0.911632
0 0 0 1 0 0 0 1
0.998431  0.0516247  -0.0216826 0.104369 0.999575  0.0255801  0.0140154 -0.319012
0.0512133  -0.998505  -0.0191199 0.0836181 0.0262957  -0.998221  -0.0535051 0.167337
-0.0226373  0.0179794  -0.999582 1.04593 0.0126218  0.0538508  -0.998469 0.930361
0 0 0 1 0 0 0 1
0.998707  0.0476646  -0.0176915 0.14749 0.999573  0.0291852  0.00104254 -0.295681
0.0483276  -0.998063  0.0391625 0.127053 0.0292036  -0.998773  -0.0399877 0.208986
-0.0157906  -0.0399668  -0.999076 1.05326 -0.000125788  0.0400011  -0.9992 0.961681
0 0 0 1 0 0 0 1
0.99858  0.0492624  -0.0202763 0.188793 0.999554  0.0297218  -0.00280816 -0.275843
0.0500831  -0.997854  0.0421858 0.00121037 0.0295889  -0.998792  -0.0392309 0.082485
-0.0181546  -0.0431414  -0.998904 1.05095 -0.00397078  0.0391304  -0.999226 1.00211
0 0 0 1 0 0 0 1
0.998525  -0.0539339  0.00624422 0.20935 0.999598  -0.0266699  -0.00960707 -0.265321
-0.0538344  -0.998435  -0.0151313 0.10452 -0.0262986  -0.998973  0.0368992 0.0218529
0.00705054  0.0147728  -0.999866 1.04599 -0.0105813  -0.0366317  -0.999273 1.01706
0 0 0 1 0 0 0 1
0.998298  0.0582716  -0.00248527 0.188569 0.999499  0.0315899  -0.00186809 -0.274661
0.0582475  -0.998263  -0.00887072 0.16697 0.0315228  -0.999085  -0.0288889 0.25138
-0.00299786  0.00871086  -0.999958 1.05135 -0.00277898  0.0288155  -0.999581 0.997784
0 0 0 1 0 0 0 1
0.998395  0.0543699  0.0158807 0.189236 0.999591  0.0285226  0.00212257 -0.274479
0.0539741  -0.998245  0.0243741 0.0846659 0.0285855  -0.998759  -0.0407868 0.166172
0.0171781  -0.0234778  -0.999577 1.04888 0.000956587  0.0408308  -0.999166 0.994627
0 0 0 1 0 0 0 1
0.998741  0.0498701  0.0053809 0.273694 0.99976  0.020201  0.00845747 -0.233388
0.0498666  -0.998756  0.000788615 -0.209808 0.0206168  -0.998415  -0.0523644 -0.127553
0.00541354  -0.000519295  -0.999985 1.05193 0.00738626  0.0525262  -0.998592 1.07552
0 0 0 1 0 0 0 1
0.998551  -0.0483073  -0.0237036 0.0830172 0.999849  -0.0172965  -0.00176398 -0.328588
-0.0489087  -0.998478  -0.0254843 -0.0635086 -0.0171609  -0.99808  0.059505 -0.146052
-0.0224365  0.0266066  -0.999394 1.04856 -0.00278983  -0.0594657  -0.998226 0.911324
0 0 0 1 0 0 0 1
0.998384  -0.0563326  0.00744323 0.125826 0.999686  -0.0222954  -0.0114526 -0.30703
-0.0564416  -0.998288  0.0153509 -0.0209165 -0.0217305  -0.998645  0.0472797 -0.104542
0.00656573  -0.0157462  -0.999854 1.04658 -0.0124912  -0.047016  -0.998816 0.943766
0 0 0 1 0 0 0 1
0.998468  0.05157  0.0200441 0.0637169 0.999699  0.0242152  0.00385964 -0.338417
0.0513886  -0.998634  0.00946438 0.042859 0.024389  -0.99823  -0.0542332 0.124952
0.0205048  -0.00841984  -0.999754 1.05525 0.00253954  0.0543111  -0.998521 0.892027
0 0 0 1 0 0 0 1
0.998579  0.0532732  -0.00164312 0.146464 0.999558  0.0296371  -0.00230428 -0.297724
0.053264  -0.998567  -0.00524711 0.0421603 0.0294886  -0.998362  -0.0490355 0.124968
-0.00192029  0.00515213  -0.999985 1.04987 -0.00375378  0.0489459  -0.998794 0.964066
0 0 0 1 0 0 0 1
0.998873  0.0470388  0.00628692 0.148429 0.999653  0.0255474  0.00649033 -0.296849
0.0470256  -0.998891  0.0022324 -0.0417557 0.0258668  -0.998143  -0.0551431 0.0403709
0.00638495  -0.00193424  -0.999978 1.05269 0.00506952  0.0552918  -0.998457 0.963043
0 0 0 1 0 0 0 1
0.998437  -0.0549637  -0.0100899 0.127543 0.999565  -0.0268022  -0.0122863 -0.307465
-0.054783  -0.998347  0.0173888 -0.105534 -0.0260777  -0.998104  0.0557558 -0.188784
-0.011029  -0.0168088  -0.999798 1.05658 -0.0137573  -0.0554111  -0.998369 0.948616
0 0 0 1 0 0 0 1
0.998536  0.0540766  -0.00149524 0.104973 0.999804  0.0197461  -0.0012356 -0.31942
0.0540956  -0.998338  0.0198865 0.000190652 0.0196366  -0.998011  -0.0599061 0.0831789
-0.00041736  -0.0199383  -0.999801 1.04803 -0.00241605  0.0598701  -0.998203 0.931209
0 0 0 1 0 0 0 1
0.997962  0.0507247  0.0387084 0.0639263 0.999434  0.0308535  0.0133826 -0.339883
0.0504537  -0.998695  0.00794522 -0.0420192 0.0312916  -0.998936  -0.0338695 0.0419857
0.0390609  -0.00597605  -0.999219 1.04621 0.0123234  0.0342691  -0.999337 0.893442
0 0 0 1 0 0 0 1
0.998459  0.0554596  -0.00180829 0.232273 0.999717  0.0236201  0.00298719 -0.25408
0.0554477  -0.998443  -0.00611302 -0.126561 0.0237568  -0.997919  -0.0599439 -0.0437971
-0.0021445  0.00600334  -0.99998 1.05408 0.00156509  0.0599979  -0.998197 1.03421
0 0 0 1 0 0 0 1
0.998722  0.046465  -0.0199077 0.189318 0.999677  0.0224784  0.0118293 -0.27786
0.0466378  -0.998877  0.00830504 -0.0830585 0.02327  -0.997155  -0.0716942 -0.00152153
-0.0194995  -0.00922287  -0.999767 1.05518 0.0101841  0.0719464  -0.997357 1.00545
0 0 0 1 0 0 0 1
0.998466  -0.0518233  0.0195084 0.0839576 0.999657  -0.0255135  0.00584095 -0.330312
-0.051777  -0.998655  -0.00287225 0.0209652 -0.0257539  -0.998625  0.0456655 -0.0626454
0.019631  0.00185776  -0.999806 1.05369 0.00466783  -0.0458003  -0.99894 0.913269
0 0 0 1 0 0 0 1
0.998602  0.0528391  -0.00118506 0.104603 0.999664  0.0226802  0.0125867 -0.318997
0.0528304  -0.998583  -0.00647286 -0.0839477 0.0234069  -0.997866  -0.0609516 -0.00088603
-0.0015254  0.0064012  -0.999978 1.0506 0.0111774  0.0612257  -0.998061 0.929436
0 0 0 1 0 0 0 1
0.998344  -0.052212  0.0241634 0.336296 0.999678  -0.0248588  0.00502209 -0.2022
-0.0521899  -0.998636  -0.00154091 -0.0212089 -0.0250521  -0.99876  0.0430224 -0.10461
0.0242109  0.000277271  -0.999707 1.04845 0.00394638  -0.0431344  -0.999061 1.12874
0 0 0 1 0 0 0 1
0.997965  0.0541782  -0.0336208 0.0621499 0.999399  0.0320395  -0.013213 -0.338712
0.0539494  -0.998514  -0.0076762 -0.211697 0.0313373  -0.998242  -0.0503113 -0.126421
-0.0339867  0.00584676  -0.999405 1.05659 -0.0148018  0.049867  -0.998646 0.88807
0 0 0 1 0 0 0 1
0.998521  0.0542006  0.00424878 0.231553 0.999508  0.0298144  0.00970018 -0.253609
0.0542987  -0.998131  -0.0280278 0.040716 0.0301  -0.999073  -0.0307635 0.124305
0.00272172  0.028217  -0.999598 1.04846 0.008774  0.0310404  -0.99948 1.03364
0 0 0 1 0 0 0 1
0.998589  0.0511291  -0.0143293 0.0631622 0.999457  0.0327992  -0.00328412 -0.338396
0.0512102  -0.998674  0.0053518 -0.126729 0.0326942  -0.999071  -0.0280919 -0.0425936
-0.0140366  -0.00607805  -0.999883 1.05681 -0.00420246  0.0279692  -0.9996 0.889899
0 0 0 1 0 0 0 1
0.998555  -0.0534744  0.00539344 0.337043 0.999654  -0.0260522  -0.00367832 -0.201695
-0.0535395  -0.998484  0.0127567 0.105175 -0.0258673  -0.998713  0.0436163 0.02206
0.00470311  -0.013027  -0.999904 1.04942 -0.00480989  -0.0435061  -0.999042 1.12637
0 0 0 1 0 0 0 1
0.998503  0.0538617  -0.00952349 0.147376 0.999623  0.0268678  0.00566108 -0.297403
0.0540516  -0.998318  0.0209559 -0.12635 0.0270727  -0.998836  -0.0399177 -0.0431092
-0.00837875  -0.0214393  -0.999735 1.05308 0.00458199  0.040056  -0.999187 0.964968
0 0 0 1 0 0 0 1
0.998488  0.0547809  0.00462648 0.232509 0.999009  0.0313841  0.0315717 -0.255411
0.0548773  -0.998199  -0.0242417 -0.0425546 0.0316689  -0.999462  -0.0085626 0.0420014
0.00329016  0.0244589  -0.999695 1.0541 0.031286  0.00955395  -0.999465 1.04013
0 0 0 1 0 0 0 1
0.9984  -0.0556551  0.00995389 0.166899 0.999701  -0.0233395  0.00726393 -0.286167
-0.0556273  -0.998447  -0.00305121 0.0633187 -0.0237575  -0.997661  0.0640909 -0.019515
0.0101082  0.00249262  -0.999946 1.04331 0.00575109  -0.0642444  -0.997918 0.98332
0 0 0 1 0 0 0 1
0.998683  0.0502222  0.0104638 0.315129 0.999554  0.0285102  0.00887493 -0.213846
0.050133  -0.998705  0.00861817 -0.125847 0.0286628  -0.999435  -0.0175696 -0.0435602
0.0108831  -0.00808224  -0.999908 1.04985 0.008369  0.0178161  -0.999806 1.11678
0 0 0 1 0 0 0 1
0.998362  -0.0565611  -0.00859699 0.252685 0.999624  -0.0258359  0.0091551 -0.244728
-0.0565719  -0.998398  -0.00101728 0.021424 -0.0263249  -0.997965  0.0580786 -0.0622486
-0.00852568  0.00150197  -0.999963 1.05245 0.00763596  -0.0582977  -0.99827 1.05547
0 0 0 1 0 0 0 1
0.998525  0.0499889  0.0212066 0.315179 0.999652  0.0263215  -0.00166809 -0.212532
0.049779  -0.998707  0.0103123 -0.0414789 0.0262543  -0.999137  -0.0321717 0.0411772
0.0216947  -0.0092414  -0.999722 1.04911 -0.00251346  0.0321167  -0.999481 1.10751
0 0 0 1 0 0 0 1
0.998513  0.0523703  0.0151156 0.229629 0.999497  0.027832  0.0152273 -0.255085
0.0522187  -0.998583  0.0102556 0.125402 0.0286374  -0.998047  -0.0555191 0.210211
0.0156312  -0.00945108  -0.999833 1.04351 0.0136524  0.0559272  -0.998342 1.04128
0 0 0 1 0 0 0 1
0.998584  0.0522256  0.0101455 0.105577 0.999642  0.0263071  0.00494658 -0.318768
0.0522946  -0.99861  -0.00665821 -0.251892 0.026495  -0.998732  -0.0428094 -0.168886
0.00978371  0.00717933  -0.999926 1.05058 0.00381412  0.0429252  -0.999071 0.92904
0 0 0 1 0 0 0 1
0.998595  -0.0525661  -0.00666012 0.294644 0.999486  -0.0320057  -0.00164382 -0.222912
-0.0526128  -0.99859  -0.00703761 -0.0633513 -0.0319074  -0.998592  0.0423794 -0.146059
-0.00628079  0.00737813  -0.999953 1.05337 -0.00299789  -0.0423052  -0.9991 1.08894
0 0 0 1 0 0 0 1
0.998533  0.0533066  -0.00953216 0.272556 0.999396  0.0317598  -0.0141095 -0.233587
0.0530369  -0.998238  -0.026604 -0.000368915 0.0311826  -0.998737  -0.0394015 0.082536
-0.0109335  0.0260594  -0.999601 1.05061 -0.015343  0.0389377  -0.999124 1.06948
0 0 0 1 0 0 0 1
0.9985  -0.0546471  -0.00328981 0.295199 0.999525  -0.0306002  0.00353926 -0.22348
-0.0546609  -0.998496  -0.0042474 0.0627551 -0.0306878  -0.999133  0.028122 -0.0202614
-0.00305276  0.00442086  -0.999986 1.05279 0.00267565  -0.0282173  -0.999598 1.09382
0 0 0 1 0 0 0 1
0.998646  -0.0518894  0.00362769 0.125577 0.999821  -0.0189013  -0.000648426 -0.305394
-0.051878  -0.998648  -0.00318062 0.230644 -0.018828  -0.998008  0.0602073 0.14772
0.00378782  0.00298812  -0.999988 1.05001 -0.00178513  -0.0601844  -0.998186 0.942213
0 0 0 1 0 0 0 1
0.960686  0.234473  0.148675 -0.0161847 0.938365  -0.345431  -0.0121988 -0.337947
0.277632  -0.814202  -0.509898 -0.227298 -0.304988  -0.810864  -0.499481 -0.256081
0.00149453  0.531129  -0.84729 0.907198 0.162644  0.472416  -0.866239 0.887632
0 0 0 1 0 0 0 1
0.941402  0.336868  -0.0167966 0.257033 0.854226  -0.422581  -0.302859 -0.0955701
0.221018  -0.653736  -0.723727 0.0855787 -0.518503  -0.649751  -0.555858 -0.222734
-0.254781  0.677606  -0.689882 0.940197 0.0381122  0.631861  -0.774144 0.858024
0 0 0 1 0 0 0 1
0.971519  -0.16299  0.172 0.0184037 0.960788  0.258839  0.0994473 -0.427261
-0.21704  -0.903381  0.36986 0.225188 0.20534  -0.90518  0.372135 0.212258
0.0950984  -0.396657  -0.913027 0.962418 0.186341  -0.337122  -0.922836 1.02083
0 0 0 1 0 0 0 1
0.986138  0.141855  0.0860806 0.168912 0.953052  -0.30269  0.00837086 -0.318433
0.165215  -0.887546  -0.430078 0.0368614 -0.279858  -0.891046  -0.357375 -0.0888402
0.0153918  0.438338  -0.898679 1.00353 0.115632  0.338254  -0.933924 1.07043
0 0 0 1 0 0 0 1
0.881774  0.4103  0.232655 0.135026 0.945992  -0.322004  -0.0375772 -0.204801
0.465934  -0.681006  -0.564922 -0.134483 -0.259873  -0.683908  -0.681715 0.0863232
-0.073348  0.606535  -0.791666 0.876469 0.193816  0.654663  -0.730652 0.932521
0 0 0 1 0 0 0 1
0.903733  0.428086  -0.00304913 0.266346 0.974723  -0.15738  -0.158579 -0.0341138
0.376772  -0.798746  -0.469093 -0.191925 -0.220271  -0.795665  -0.564267 -0.0280139
-0.203248  0.422786  -0.883144 0.943035 -0.0373719  0.584934  -0.810219 0.77746
0 0 0 1 0 0 0 1
0.89646  0.436234  0.0778472 0.216744 0.971119  -0.200632  -0.12913 -0.0650873
0.411484  -0.754307  -0.511568 -0.220856 -0.237435  -0.759332  -0.605838 -0.035989
-0.164442  0.490632  -0.855709 0.90182 0.0234981  0.619001  -0.785038 0.80474
0 0 0 1 0 0 0 1
0.900879  0.403365  0.160352 0.259667 0.963142  -0.266403  -0.0372511 -0.0973314
0.424469  -0.741375  -0.519798 -0.205547 -0.229641  -0.742197  -0.62961 -0.00942487
-0.0907872  0.53634  -0.839105 0.872558 0.140082  0.614958  -0.776018 0.967972
0 0 0 1 0 0 0 1
0.919948  -0.361947  0.15063 0.154474 0.902382  0.399361  -0.16192 -0.208228
-0.363453  -0.643373  0.673775 -0.111778 0.401136  -0.641128  0.654251 -0.0685034
-0.146959  -0.674586  -0.723421 0.946906 0.157471  -0.655336  -0.73874 0.928081
0 0 0 1 0 0 0 1
0.87557  -0.463455  0.136329 0.232733 0.914784  0.336534  -0.223416 -0.0580262
-0.419491  -0.58944  0.690354 -0.0292765 0.390415  -0.59467  0.702811 -0.0585675
-0.239591  -0.661642  -0.710511 0.898043 0.103661  -0.730146  -0.675383 0.841972
0 0 0 1 0 0 0 1
0.980598  -0.143906  0.133109 0.0468946 0.923051  0.384486  0.0121541 -0.419987
-0.192254  -0.838609  0.50968 -0.0638531 0.346674  -0.845138  0.406889 0.101132
0.0382801  -0.525382  -0.850005 0.992734 0.166715  -0.371366  -0.913397 1.02583
0 0 0 1 0 0 0 1
0.922072  0.353572  0.157387 0.114286 0.949376  -0.306888  -0.0671244 -0.183591
0.380355  -0.752735  -0.537327 -0.216648 -0.285215  -0.752481  -0.593654 -0.119214
-0.0715132  0.555317  -0.828558 0.877848 0.131675  0.582745  -0.801916 0.881899
0 0 0 1 0 0 0 1
0.914419  -0.347153  0.208142 0.0723127 0.951719  0.306916  0.00580314 -0.305395
-0.403899  -0.748865  0.525421 0.101342 0.240897  -0.758452  0.605574 -0.0646225
-0.0265315  -0.564523  -0.824991 0.925303 0.190261  -0.574938  -0.795768 0.953201
0 0 0 1 0 0 0 1
0.891735  -0.316191  0.323779 -0.000707215 0.889447  0.456938  -0.00959555 -0.411689
-0.452551  -0.619014  0.641887 0.00374431 0.328516  -0.62459  0.708494 -0.133874
-0.00253534  -0.71892  -0.695088 0.903535 0.317745  -0.63332  -0.705651 1.00137
0 0 0 1 0 0 0 1
0.867076  -0.446907  0.220123 0.0841396 0.913527  0.378992  -0.147759 -0.151227
-0.463162  -0.560442  0.686576 0.0783627 0.355456  -0.567129  0.742977 -0.0421298
-0.18347  -0.697265  -0.692936 0.844962 0.197784  -0.731252  -0.652803 0.805253
0 0 0 1 0 0 0 1
0.849401  -0.497246  0.176815 0.172814 0.956243  0.265702  -0.122485 -0.0846253
-0.4928  -0.627423  0.6029 0.124078 0.270103  -0.640813  0.718612 -0.108589
-0.188852  -0.599239  -0.777977 0.869769 0.112447  -0.720251  -0.68454 0.781429
0 0 0 1 0 0 0 1
0.958282  -0.174032  0.226735 0.063052 0.962209  0.225555  0.152573 -0.495316
-0.242868  -0.914034  0.324895 0.0100216 0.15799  -0.918749  0.361855 -0.0736038
0.150702  -0.366408  -0.918169 1.00265 0.221795  -0.324076  -0.919664 1.14472
0 0 0 1 0 0 0 1
0.987636  -0.120043  -0.100826 0.261613 0.990913  0.0609241  -0.119912 -0.139258
-0.10402  -0.982983  0.151407 0.177031 0.078946  -0.985253  0.151804 0.153108
-0.117285  -0.139047  -0.983316 1.04302 -0.108895  -0.159891  -0.98111 0.877004
0 0 0 1 0 0 0 1
0.924446  -0.350714  0.149661 0.0370556 0.8151  0.512593  -0.269926 -0.257784
-0.319425  -0.497915  0.806256 -0.11986 0.537478  -0.495265  0.682517 0.105744
-0.208247  -0.793146  -0.572322 0.893707 0.216168  -0.701399  -0.679198 0.840786
0 0 0 1 0 0 0 1
0.895568  0.420778  0.144579 0.262524 0.973473  -0.22436  -0.0448729 -0.1302
0.434828  -0.758918  -0.484734 -0.0979015 -0.202609  -0.754162  -0.624652 0.142234
-0.0942418  0.49698  -0.862629 0.929939 0.106306  0.617173  -0.779613 0.968674
0 0 0 1 0 0 0 1
0.935431  -0.30799  0.173524 -0.023927 0.913071  0.397595  -0.0906591 -0.322264
-0.346694  -0.703353  0.620562 0.0554063 0.367254  -0.705071  0.60663 0.0748626
-0.0690787  -0.640653  -0.764717 0.914669 0.177272  -0.587191  -0.789798 0.84299
0 0 0 1 0 0 0 1
0.942208  -0.26136  0.209608 0.136162 0.969232  0.232341  0.0812777 -0.363238
-0.322947  -0.875024  0.360609 0.0742773 0.169503  -0.869434  0.464061 -0.0913869
0.0891634  -0.407461  -0.908859 0.974363 0.178486  -0.436006  -0.882066 1.09581
0 0 0 1 0 0 0 1
0.968298  -0.0972191  -0.230103 0.354634 0.974805  -0.101373  -0.198692 -0.0786916
-0.114402  -0.991465  -0.0625197 0.222474 -0.0863271  -0.992804  0.0829988 0.0120537
-0.222061  0.086862  -0.971156 1.08809 -0.205676  -0.0637552  -0.976541 0.819069
0 0 0 1 0 0 0 1
0.964732  -0.244192  0.0982973 0.0202823 0.951192  0.306534  -0.0356526 -0.370311
-0.260637  -0.833799  0.48667 -0.108142 0.286104  -0.832645  0.47418 -0.0867612
-0.0368806  -0.495126  -0.868038 1.01682 0.115666  -0.461236  -0.879706 0.906966
0 0 0 1 0 0 0 1
0.928051  0.357006  0.106153 0.113431 0.925898  -0.34693  -0.149506 -0.149164
0.342655  -0.706684  -0.61902 -0.121807 -0.363481  -0.710305  -0.602784 -0.144379
-0.145977  0.610856  -0.778168 0.885437 0.102929  0.612459  -0.783772 0.81607
0 0 0 1 0 0 0 1
0.95603  0.280672  -0.0850349 0.229653 0.883467  -0.36543  -0.293166 -0.139727
0.169519  -0.765481  -0.620727 0.185703 -0.465006  -0.760195  -0.453733 -0.134621
-0.239313  0.579018  -0.779402 1.0207 -0.057056  0.537182  -0.841534 0.783936
0 0 0 1 0 0 0 1
0.890833  0.365902  0.269318 0.186055 0.960762  -0.258912  0.0995068 -0.314597
0.45174  -0.776578  -0.439155 -0.0810355 -0.146626  -0.778594  -0.610157 0.238893
0.0484589  0.512875  -0.857094 0.928561 0.235452  0.571625  -0.786007 1.10547
0 0 0 1 0 0 0 1
0.9941  0.103209  0.0333551 0.179523 0.98252  -0.186156  0.00101543 -0.316025
0.108376  -0.957594  -0.266962 0.124212 -0.181785  -0.960596  -0.210261 0.0489799
0.0043878  0.269002  -0.96313 1.0451 0.0401168  0.206401  -0.977645 1.05334
0 0 0 1 0 0 0 1
0.895344  -0.376476  0.237959 0.115348 0.856835  0.479585  -0.189291 -0.235457
-0.41379  -0.505542  0.757103 -0.120487 0.447724  -0.510026  0.73445 -0.0850492
-0.164733  -0.776333  -0.608416 0.898208 0.255688  -0.714053  -0.65173 0.952915
0 0 0 1 0 0 0 1
0.896655  -0.379435  0.22812 -0.0570306 0.827005  0.507432  -0.242023 -0.287692
-0.394671  -0.451575  0.800197 -0.062845 0.494093  -0.450648  0.743498 0.0451115
-0.200609  -0.807533  -0.554659 0.864618 0.268208  -0.734458  -0.623406 0.773455
0 0 0 1 0 0 0 1
0.928822  -0.329451  0.169563 0.0904595 0.878838  0.451579  -0.154014 -0.196945
-0.348283  -0.62011  0.702967 0.0709645 0.435086  -0.626031  0.647136 0.168317
-0.126445  -0.711987  -0.690714 0.844338 0.195815  -0.635737  -0.746656 0.884851
0 0 0 1 0 0 0 1
0.8904  -0.308753  0.334453 0.0262021 0.920391  0.373356  0.116125 -0.45272
-0.446213  -0.737189  0.507392 0.133865 0.219325  -0.738858  0.63717 -0.111381
0.0898961  -0.601019  -0.794163 0.900515 0.323691  -0.560976  -0.761925 1.07374
0 0 0 1 0 0 0 1
0.969242  -0.178233  0.169716 0.058537 0.963416  0.249655  0.0974803 -0.486184
-0.230128  -0.900795  0.368252 -0.204607 0.192696  -0.898031  0.395485 -0.247677
0.0872446  -0.395982  -0.914104 1.04208 0.186275  -0.362232  -0.913285 1.10817
0 0 0 1 0 0 0 1
0.917633  -0.37632  0.127804 0.098057 0.838289  0.470143  -0.276111 -0.20792
-0.325271  -0.526357  0.785587 -0.137372 0.518385  -0.530327  0.670843 0.0694485
-0.228361  -0.762451  -0.605408 0.912442 0.168963  -0.705492  -0.688282 0.842898
0 0 0 1 0 0 0 1
0.971175  0.229756  -0.0634905 0.336122 0.917457  -0.335027  -0.214546 -0.136894
0.157431  -0.818245  -0.552893 0.197081 -0.395552  -0.825883  -0.401817 -0.0379394
-0.178981  0.526961  -0.83083 1.03549 -0.0425701  0.453514  -0.890232 0.986378
0 0 0 1 0 0 0 1
0.925893  -0.309525  0.2166 0.0391179 0.945675  0.32463  0.0177274 -0.328239
-0.377713  -0.76964  0.514769 0.141377 0.250242  -0.761619  0.597758 0.0108371
0.00737017  -0.558434  -0.829516 0.916624 0.207552  -0.560849  -0.80148 0.945637
0 0 0 1 0 0 0 1
0.981599  -0.175843  0.0744472 0.0404335 0.981389  0.191266  0.0171308 -0.362533
-0.190213  -0.934713  0.300219 0.0139281 0.175303  -0.928741  0.326664 -0.0075353
0.0167955  -0.308855  -0.950961 1.02331 0.0783896  -0.317581  -0.944985 0.923731
0 0 0 1 0 0 0 1
0.98269  0.0380333  0.181309 0.105392 0.981692  -0.0992629  0.162565 -0.487108
0.0670407  -0.985375  -0.156656 0.251557 -0.0824685  -0.990833  -0.106999 0.224007
0.1727  0.166099  -0.970869 1.04764 0.171696  0.0916332  -0.980879 1.17897
0 0 0 1 0 0 0 1
0.917713  0.335513  0.212682 0.156788 0.981362  0.0308869  0.189668 -0.454249
0.363584  -0.925108  -0.109458 -0.187734 0.0956711  -0.934513  -0.34283 0.290507
0.160029  0.177779  -0.970971 1.01 0.166658  0.354587  -0.920051 1.13202
0 0 0 1 0 0 0 1
0.922044  -0.320313  0.217336 0.140718 0.981805  0.137607  0.130856 -0.390063
-0.374834  -0.878982  0.29477 0.101487 0.063115  -0.886406  0.458586 -0.224591
0.0966156  -0.353256  -0.930525 0.982985 0.179096  -0.441983  -0.878963 1.10163
0 0 0 1 0 0 0 1
0.9384  -0.345517  0.00484528 0.25763 0.892515  0.375189  -0.2503 -0.122647
-0.260504  -0.69816  0.666866 -0.16713 0.449338  -0.691848  0.565192 0.0320759
-0.227031  -0.627049  -0.745162 0.987921 0.0388844  -0.616912  -0.786071 0.886898
0 0 0 1 0 0 0 1
0.993799  -0.111062  0.00534824 0.263222 0.999145  -0.0349181  0.0221271 -0.24586
-0.111186  -0.993033  0.0390201 -0.114442 -0.0369747  -0.994239  0.100611 -0.266039
0.000977338  -0.0393728  -0.999224 1.05254 0.0184864  -0.101343  -0.99468 1.07035
0 0 0 1 0 0 0 1
0.880889  0.38712  0.272348 -0.0213775 0.911766  -0.404882  -0.0689406 -0.278796
0.466148  -0.609722  -0.64105 -0.144995 -0.324112  -0.606216  -0.72626 0.00661185
-0.0821072  0.691648  -0.717552 0.844049 0.252256  0.684524  -0.683955 0.825292
0 0 0 1 0 0 0 1
0.953505  -0.299045  -0.0374129 0.28666 0.909548  0.340129  -0.23882 -0.0688495
-0.217557  -0.768898  0.60122 0.00420887 0.41519  -0.769151  0.485823 0.216639
-0.208559  -0.565127  -0.798207 0.955813 -0.0184462  -0.541035  -0.840798 0.862969
0 0 0 1 0 0 0 1
0.907906  0.410908  0.0828291 0.141511 0.970206  -0.221878  -0.0973127 -0.158985
0.394901  -0.772205  -0.497748 -0.10883 -0.234981  -0.763892  -0.601044 0.0635577
-0.140568  0.484618  -0.863357 0.944695 0.0590221  0.606003  -0.79327 0.804282
0 0 0 1 0 0 0 1
0.961376  -0.201794  0.187177 0.0484891 0.973909  0.176466  0.142694 -0.446343
-0.248054  -0.92992  0.271509 0.118721 0.117961  -0.930796  0.345984 -0.0135074
0.11927  -0.307452  -0.944059 0.999752 0.193873  -0.320124  -0.927326 1.06459
0 0 0 1 0 0 0 1
0.885385  0.376224  0.273035 0.103023 0.890609  -0.443871  -0.0989638 -0.189202
0.454555  -0.577717  -0.677955 -0.105895 -0.36671  -0.572243  -0.733527 -0.0145813
-0.0973263  0.72436  -0.682517 0.808847 0.26896  0.689577  -0.672417 0.928758
0 0 0 1 0 0 0 1
0.880027  -0.356343  0.313962 -0.0107359 0.882147  0.465762  -0.0698798 -0.375046
-0.470076  -0.559353  0.682754 -0.0269685 0.355765  -0.561753  0.746903 -0.153133
-0.067679  -0.748428  -0.659754 0.892078 0.308624  -0.683739  -0.661251 0.949033
0 0 0 1 0 0 0 1
0.936815  0.283145  0.205443 0.0895226 0.976645  -0.20596  0.0611951 -0.356759
0.34162  -0.866917  -0.362975 -0.207723 -0.152481  -0.865056  -0.477941 -0.0110823
0.0753276  0.410224  -0.908869 0.947225 0.151374  0.457447  -0.876258 1.0289
0 0 0 1 0 0 0 1
0.936102  0.283831  0.207732 0.0513399 0.91832  -0.394546  -0.0319694 -0.286666
0.351528  -0.735096  -0.579708 -0.180745 -0.333932  -0.728803  -0.597776 -0.159383
-0.0118361  0.61569  -0.7879 0.865931 0.21255  0.559625  -0.801026 0.951933
0 0 0 1 0 0 0 1
0.948959  -0.280677  0.143866 0.0732719 0.930715  0.361292  -0.0568914 -0.251672
-0.311863  -0.766899  0.560898 0.169321 0.331803  -0.768628  0.546916 0.188236
-0.0471002  -0.577136  -0.815289 0.889494 0.153868  -0.5279  -0.835252 0.916281
0 0 0 1 0 0 0 1
0.993698  0.111386  0.0125641 0.259009 0.991072  -0.131298  -0.0231728 -0.197001
0.111293  -0.967031  -0.229051 -0.247241 -0.133275  -0.970722  -0.19984 -0.277266
-0.0133632  0.229006  -0.973333 1.00336 0.00374431  0.201144  -0.979554 1.03954
0 0 0 1 0 0 0 1
0.954428  -0.280408  0.102165 0.0909407 0.952247  0.298741  -0.0630778 -0.255786
-0.293088  -0.816141  0.49801 0.0872265 0.288887  -0.81466  0.502866 0.0820255
-0.0562652  -0.505258  -0.861132 0.948592 0.0988397  -0.497075  -0.86206 0.900033
0 0 0 1 0 0 0 1
0.889705  -0.380989  0.25154 0.0236274 0.834933  0.506137  -0.216131 -0.275246
-0.41668  -0.452511  0.788424 -0.130756 0.472033  -0.456664  0.754084 -0.0693883
-0.186557  -0.806276  -0.561352 0.891066 0.282971  -0.73163  -0.620197 0.86885
0 0 0 1 0 0 0 1
0.974685  0.220834  -0.0349637 0.106652 0.944722  -0.298814  -0.134948 -0.23558
0.174981  -0.850766  -0.495559 0.0711365 -0.327864  -0.857894  -0.395631 -0.0887002
-0.139182  0.476895  -0.867871 1.00904 0.00244854  0.418006  -0.908441 0.811999
0 0 0 1 0 0 0 1
0.937696  -0.345219  -0.0393694 0.293696 0.98206  0.133232  -0.133447 -0.0856818
-0.303501  -0.868959  0.390892 0.073575 0.180809  -0.86625  0.465745 -0.0610226
-0.169154  -0.354589  -0.919594 0.999789 -0.0535461  -0.481518  -0.874799 0.873583
0 0 0 1 0 0 0 1
0.881323  -0.348632  0.318944 0.0662135 0.914289  0.405054  0.00271885 -0.3443
-0.472514  -0.649631  0.595575 0.051665 0.286836  -0.652157  0.701724 -0.14594
-0.000440316  -0.6756  -0.737269 0.887506 0.286009  -0.640798  -0.712444 1.01786
0 0 0 1 0 0 0 1
0.999972  -0.0034526  0.0065665 0.202022 0.999441  -0.0320942  -0.00934884 -0.262925
-0.00313892  -0.998881  -0.0471943 -0.180992 -0.032364  -0.999017  -0.0302973 -0.215573
0.0067221  0.0471724  -0.998864 1.04942 -0.00836728  0.0305829  -0.999497 1.00555
0 0 0 1 0 0 0 1
0.952248  0.236845  0.192687 0.0174002 0.94814  -0.314269  0.0476023 -0.405898
0.300714  -0.836782  -0.457566 -0.107574 -0.251482  -0.833285  -0.492334 -0.0515055
0.0528643  0.49366  -0.868047 0.957617 0.194392  0.454831  -0.869104 0.998139
0 0 0 1 0 0 0 1
0.890331  -0.454797  0.0217042 0.236281 0.895813  0.321677  -0.306663 0.00697453
-0.334521  -0.621049  0.708797 0.0235524 0.444074  -0.620228  0.646619 0.135091
-0.308879  -0.638325  -0.705078 0.888571 0.0178017  -0.715431  -0.698457 0.710391
0 0 0 1 0 0 0 1
0.97313  -0.200835  0.112622 0.197786 0.955715  0.294294  -0.000417432 -0.316524
-0.230168  -0.862073  0.451501 -0.131967 0.267068  -0.866701  0.421313 -0.0989209
0.00641084  -0.465291  -0.885134 1.01559 0.123628  -0.402767  -0.906915 1.11178
0 0 0 1 0 0 0 1
0.928541  -0.34776  0.129903 0.0634823 0.971044  0.235366  -0.0409342 -0.267141
-0.36701  -0.807331  0.462083 0.105638 0.218699  -0.806834  0.548807 -0.0458293
-0.0558191  -0.476739  -0.877271 0.956233 0.0961436  -0.541868  -0.834946 0.848803
0 0 0 1 0 0 0 1
0.988496  -0.0765477  0.130445 0.0394087 0.989038  0.0952574  0.112826 -0.448743
-0.0976445  -0.981633  0.163896 0.236053 0.0788355  -0.986722  0.142 0.22418
0.115503  -0.174748  -0.977815 1.01772 0.124854  -0.131549  -0.983416 1.04711
0 0 0 1 0 0 0 1
0.972471  -0.213851  -0.0925638 0.325461 0.989006  -0.0936898  -0.114405 -0.139396
-0.21237  -0.976852  0.0256785 0.238395 -0.0681137  -0.975345  0.209912 -0.0611605
-0.0959125  -0.0053138  -0.995376 1.06172 -0.131251  -0.199812  -0.971004 0.91585
0 0 0 1 0 0 0 1
0.945853  -0.316011  0.0741503 0.149029 0.908041  0.388581  -0.156414 -0.215633
-0.289827  -0.719349  0.631298 -0.0900322 0.403648  -0.711946  0.574632 0.0271326
-0.146158  -0.618606  -0.771987 0.96578 0.111933  -0.584926  -0.803326 0.913192
0 0 0 1 0 0 0 1
0.874562  0.39648  0.279187 0.137501 0.879149  -0.458222  -0.130884 -0.196575
0.465359  -0.524377  -0.713071 0.0318597 -0.385952  -0.52353  -0.759577 0.110907
-0.136319  0.753547  -0.643105 0.859188 0.279533  0.718296  -0.637112 0.960031
0 0 0 1 0 0 0 1
0.946703  -0.316341  0.0606759 0.00184568 0.836381  0.478455  -0.267482 -0.288594
-0.25006  -0.603055  0.757493 -0.147189 0.534105  -0.601591  0.593986 0.155044
-0.203035  -0.732293  -0.650018 0.942733 0.123281  -0.639663  -0.758705 0.762445
0 0 0 1 0 0 0 1
0.920382  0.344806  0.184408 0.115336 0.92661  -0.370095  -0.0665171 -0.292999
0.382179  -0.693525  -0.610707 0.127287 -0.324968  -0.699168  -0.636835 0.18306
-0.0826836  0.63256  -0.770085 0.973045 0.189183  0.611714  -0.768125 0.97717
0 0 0 1 0 0 0 1
0.974561  0.22215  0.0296601 0.0631242 0.991714  -0.128346  -0.00550107 -0.313239
0.221553  -0.934948  -0.277104 0.0132677 -0.122748  -0.934093  -0.335267 0.114571
-0.0338279  0.276626  -0.960382 1.03126 0.0378917  0.333164  -0.942107 0.864853
0 0 0 1 0 0 0 1
0.905535  -0.394936  0.155021 -0.00857364 0.920296  0.357364  -0.159207 -0.259768
-0.3951  -0.651827  0.647316 -0.0324269 0.367849  -0.651862  0.663146 -0.0553242
-0.154602  -0.647416  -0.746292 0.940991 0.133204  -0.668855  -0.731362 0.746566
0 0 0 1 0 0 0 1
0.895309  -0.441748  0.0572851 0.1222 0.91989  0.306485  -0.244682 -0.063636
-0.367198  -0.659107  0.65631 0.0909458 0.390383  -0.656008  0.645953 0.118982
-0.252166  -0.608635  -0.752313 0.882152 0.0374622  -0.689725  -0.723102 0.662696
0 0 0 1 0 0 0 1
0.929951  -0.348099  0.118402 0.0337582 0.938195  0.325716  -0.117042 -0.203943
-0.349141  -0.735039  0.581221 0.17284 0.329069  -0.734663  0.593282 0.146987
-0.115292  -0.581846  -0.805086 0.886952 0.107255  -0.595129  -0.79644 0.773838
0 0 0 1 0 0 0 1
0.974518  -0.20682  0.0868344 0.236043 0.998132  0.00271025  0.0610401 -0.313677
-0.214849  -0.971879  0.09639 -0.0493751 -0.0125321  -0.968695  0.247937 -0.300441
0.0644571  -0.11259  -0.991549 1.03445 0.0598012  -0.248239  -0.966851 1.12486
0 0 0 1 0 0 0 1
0.917259  0.348096  0.193561 0.0683121 0.888444  -0.437179  -0.139788 -0.302214
0.377754  -0.606283  -0.699802 0.153508 -0.407394  -0.610833  -0.678906 0.126011
-0.126246  0.715018  -0.687613 0.951099 0.211416  0.660119  -0.720796 0.933392
0 0 0 1 0 0 0 1
0.972061  0.185741  0.143518 0.115557 0.992408  -0.0828051  0.0909401 -0.381425
0.210403  -0.960533  -0.181955 0.0216488 -0.0577686  -0.966595  -0.249714 0.171465
0.104057  0.207068  -0.972777 1.02697 0.10858  0.242564  -0.96404 1.05564
0 0 0 1 0 0 0 1
0.921847  -0.373125  0.10477 0.260011 0.969111  0.235713  -0.0725505 -0.132096
-0.375298  -0.792005  0.481539 0.0473658 0.232481  -0.774918  0.587753 -0.0938215
-0.0966956  -0.483225  -0.87014 0.957783 0.0823204  -0.586465  -0.805781 0.957339
0 0 0 1 0 0 0 1
0.945739  0.301064  0.122224 0.214662 0.960536  -0.276967  -0.0256699 -0.22258
0.321867  -0.816509  -0.479286 -0.0286821 -0.250806  -0.822496  -0.510487 0.0492701
-0.0444985  0.492619  -0.869107 0.964524 0.120275  0.496779  -0.859502 1.0411
0 0 0 1 0 0 0 1
0.978795  0.185317  -0.0872845 0.291049 0.966502  -0.205984  -0.153119 -0.101321
0.142403  -0.921872  -0.36038 -0.0969201 -0.245112  -0.917708  -0.312622 -0.201484
-0.14725  0.340308  -0.928713 1.01041 -0.0761233  0.33968  -0.937455 0.894447
0 0 0 1 0 0 0 1
0.918678  -0.337682  0.204945 0.216957 0.980535  0.183631  0.0695108 -0.273479
-0.390927  -0.851628  0.34915 0.160878 0.118975  -0.837298  0.533646 -0.131782
0.0566354  -0.400875  -0.91438 0.94726 0.156195  -0.514988  -0.842847 1.08539
0 0 0 1 0 0 0 1
0.927239  -0.367811  0.0703055 0.258884 0.896531  0.386501  -0.216447 -0.0517176
-0.315373  -0.66579  0.676213 0.0383934 0.43303  -0.661665  0.612115 0.167174
-0.20191  -0.649183  -0.733344 0.883615 0.0933672  -0.642508  -0.76057 0.890436
0 0 0 1 0 0 0 1
0.912309  0.378094  0.157282 0.145339 0.903477  -0.396453  -0.162955 -0.0906463
0.379519  -0.636393  -0.671543 -0.150755 -0.396767  -0.629657  -0.667913 -0.165653
-0.153813  0.672346  -0.724081 0.817233 0.162191  0.668099  -0.72618 0.842728
0 0 0 1 0 0 0 1
0.874553  -0.340864  0.344919 -0.00997612 0.829284  0.546548  -0.116504 -0.396311
-0.474839  -0.457596  0.751754 -0.122655 0.410605  -0.454521  0.790452 -0.192244
-0.0984123  -0.82123  -0.562047 0.886259 0.379067  -0.703346  -0.601342 0.987089
0 0 0 1 0 0 0 1
0.918054  -0.266401  0.293611 0.066568 0.932793  0.34052  0.118085 -0.486384
-0.381283  -0.796206  0.469766 -0.0860934 0.218192  -0.794312  0.566976 -0.261679
0.108629  -0.543219  -0.832534 0.980721 0.286863  -0.503106  -0.815227 1.14001
0 0 0 1 0 0 0 1
0.913762  0.354086  0.199155 0.23476 0.985103  -0.122712  0.120474 -0.31866
0.399333  -0.872947  -0.280173 -0.0752027 -0.0464239  -0.864329  -0.50078 0.300397
0.0746463  0.33554  -0.939064 0.979675 0.165581  0.487727  -0.85715 1.13504
0 0 0 1 0 0 0 1
0.917437  -0.396877  -0.0282525 0.192793 0.933603  0.263247  -0.243078 -0.0552577
-0.304002  -0.745013  0.59375 0.0528065 0.356638  -0.748167  0.559513 0.118181
-0.256694  -0.536139  -0.804154 0.938122 -0.0345727  -0.609054  -0.792375 0.696045
0 0 0 1 0 0 0 1
0.898612  0.333926  0.284587 0.110922 0.965809  -0.179398  0.187161 -0.432236
0.416876  -0.852066  -0.316541 -0.187133 -0.0549669  -0.847203  -0.528418 0.184256
0.136785  0.403085  -0.904882 0.948612 0.253361  0.500063  -0.828097 1.11252
0 0 0 1 0 0 0 1
0.946896  -0.307948  -0.0924987 0.290023 0.947074  0.24439  -0.208147 -0.0730911
-0.226228  -0.842479  0.488928 -0.0319411 0.314252  -0.838222  0.445678 0.0625409
-0.228492  -0.442039  -0.867406 1.00933 -0.0655544  -0.4875  -0.870658 0.830493
0 0 0 1 0 0 0 1
0.942534  -0.331413  -0.0423564 0.146696 0.865715  0.398424  -0.302979 -0.167753
-0.210454  -0.687371  0.695147 -0.155077 0.500537  -0.690199  0.522578 0.157619
