0.992573  0.102456  -0.0655866 -0.125425 0.997954  -0.012756  -0.0626496 -0.0416798
0.0964267  -0.991327  -0.0892939 -0.0864669 -0.0203295  -0.992349  -0.121781 -0.00762245
-0.0741664  0.0823064  -0.993844 0.662949 -0.0606168  0.122805  -0.990578 0.428961
0 0 0 1 0 0 0 1
0.993014  -0.0733555  -0.0924214 -0.115518 0.995649  0.0353767  -0.0862033 -0.0668897
-0.0644349  -0.993287  0.0960638 0.0283587 0.0443486  -0.993536  0.104492 0.00430927
-0.0988478  -0.0894375  -0.991075 0.714402 -0.0819495  -0.10786  -0.990783 0.436586
0 0 0 1 0 0 0 1
0.990499  -0.113971  -0.0769554 -0.0835636 0.996309  0.0351562  -0.0783124 0.00527709
-0.10429  -0.987297  0.119867 0.0737347 0.0472514  -0.986244  0.158396 0.0110702
-0.0896393  -0.110703  -0.989803 0.640472 -0.0716665  -0.161512  -0.984265 0.440336
0 0 0 1 0 0 0 1
0.996796  -0.0371254  -0.0708526 -0.12566 0.997906  -0.0263728  -0.0590649 -0.0542515
-0.0379077  -0.999234  -0.00972796 0.0810614 -0.0244502  -0.999155  0.0330402 0.0111933
-0.0704372  0.0123826  -0.997439 0.679396 -0.0598863  -0.0315268  -0.997707 0.440168
0 0 0 1 0 0 0 1
0.994673  0.0538439  -0.087899 -0.0370751 0.996702  0.00549761  -0.0809584 0.0662151
0.0512891  -0.9982  -0.0310716 -0.0667181 0.000768995  -0.998297  -0.0583236 -0.0129647
-0.0894138  0.0263978  -0.995645 0.606637 -0.0811412  0.0580691  -0.99501 0.451641
0 0 0 1 0 0 0 1
0.994685  -0.0404402  -0.0946922 -0.0667036 0.994736  0.0383455  -0.0950302 -0.00694456
-0.0329885  -0.99633  0.0789782 -0.0139052 0.044796  -0.996767  0.0667008 -0.00738069
-0.0975386  -0.0754347  -0.992369 0.679974 -0.0921653  -0.0706067  -0.993237 0.449868
0 0 0 1 0 0 0 1
0.999792  0.00742132  -0.0189735 -0.12423 0.998993  0.0384079  -0.0232028 0.0110362
0.00803336  -0.999443  0.0323874 -0.0435044 0.0385946  -0.999226  0.00765166 0.00624898
-0.0187226  -0.0325331  -0.999295 0.560499 -0.0228909  -0.00853945  -0.999701 0.452659
0 0 0 1 0 0 0 1
0.973591  -0.176761  -0.144484 0.0223557 0.985691  0.0652229  -0.15543 0.0282478
-0.14638  -0.968988  0.199086 0.0606127 0.0991628  -0.970035  0.221806 0.00992867
-0.175194  -0.172679  -0.969273 0.7445 -0.136306  -0.234046  -0.962623 0.451707
0 0 0 1 0 0 0 1
0.983275  0.123364  -0.133984 0.0136081 0.986949  -0.0566269  -0.15075 0.025283
0.10051  -0.981047  -0.165663 -0.0213729 -0.082249  -0.982079  -0.169575 -0.00188465
-0.151881  0.149425  -0.977038 0.736848 -0.138446  0.179761  -0.973919 0.454495
0 0 0 1 0 0 0 1
0.998633  0.046225  -0.0244148 -0.162908 0.999683  0.0127302  -0.0217032 -0.0796317
0.045971  -0.998884  -0.0108663 -0.0795774 0.011638  -0.998695  -0.0497253 -0.0205894
-0.0248898  0.00972906  -0.999643 0.647978 -0.0223079  0.049457  -0.998527 0.453047
0 0 0 1 0 0 0 1
0.983424  -0.174126  -0.0505733 -0.0703239 0.993089  0.0867632  -0.0790391 0.0211395
-0.159108  -0.962468  0.219864 0.0762002 0.103567  -0.964644  0.242356 0.0157489
-0.0869591  -0.208173  -0.974219 0.627309 -0.055217  -0.248867  -0.966962 0.45257
0 0 0 1 0 0 0 1
0.99208  -0.0265251  -0.122772 0.0108669 0.992973  -0.0424405  -0.110467 0.0725111
-0.0309374  -0.998937  -0.0341735 0.0833821 -0.0415287  -0.999082  0.0105433 0.0112852
-0.121735  0.0377011  -0.991846 0.657022 -0.110813  -0.00588169  -0.993824 0.458903
0 0 0 1 0 0 0 1
0.992815  0.0996365  -0.0662649 -0.0730373 0.997049  -0.0433553  -0.0633559 0.0191121
0.0918269  -0.98946  -0.111964 -0.0609146 -0.0513121  -0.990198  -0.129907 -0.0152488
-0.0767222  0.105075  -0.9915 0.626474 -0.0571028  0.132774  -0.9895 0.454493
0 0 0 1 0 0 0 1
0.98701  0.155326  -0.041056 -0.137615 0.995855  -0.0744996  -0.0521787 -0.0711604
0.144583  -0.970173  -0.194577 -0.0804857 -0.0841388  -0.972454  -0.217379 -0.0131185
-0.0700543  0.186113  -0.980028 0.676271 -0.0345467  0.220869  -0.974692 0.450746
0 0 0 1 0 0 0 1
0.972397  -0.201336  -0.117932 -0.0355176 0.988943  0.0411917  -0.142458 -0.0597219
-0.176755  -0.965547  0.190986 0.125969 0.0770228  -0.963584  0.256072 0.0188109
-0.152322  -0.164869  -0.974483 0.80319 -0.126722  -0.264213  -0.956103 0.447556
0 0 0 1 0 0 0 1
0.991595  -0.00977276  -0.129014 -0.0699299 0.990686  0.0312209  -0.132538 -0.10295
-0.00524589  -0.99936  0.0353816 -0.0374012 0.0346086  -0.999129  0.0233329 -0.00276916
-0.129277  -0.0344074  -0.991011 0.828173 -0.131694  -0.0277026  -0.990903 0.448939
0 0 0 1 0 0 0 1
0.983681  -0.126807  -0.127639 -0.0552276 0.989688  0.0507512  -0.133949 -0.0867493
-0.107621  -0.983206  0.147392 0.0430016 0.0736522  -0.982342  0.171988 0.00178956
-0.144186  -0.13125  -0.980808 0.815437 -0.122855  -0.18008  -0.97595 0.450905
0 0 0 1 0 0 0 1
0.98265  0.107864  -0.150876 0.0310687 0.987878  0.028763  -0.152543 0.0193215
0.101875  -0.993691  -0.046903 -0.130563 0.010386  -0.992729  -0.119925 -0.0108233
-0.154983  0.0307188  -0.987439 0.758134 -0.154883  0.116887  -0.980994 0.458217
0 0 0 1 0 0 0 1
0.99874  0.0237769  -0.044187 -0.121677 0.997503  -0.0649659  -0.0277161 -0.00389109
0.019289  -0.994865  -0.0993542 0.0450575 -0.0666282  -0.995724  -0.0639935 -0.00287753
-0.0463224  0.0983767  -0.994071 0.582782 -0.0234402  0.0656804  -0.997565 0.459531
0 0 0 1 0 0 0 1
0.98822  -0.00321782  -0.153004 -0.00277574 0.987826  -0.019144  -0.154382 -0.0345724
-0.0074201  -0.999611  -0.0269021 0.0307443 -0.0203842  -0.999771  -0.00645427 -0.000396739
-0.152858  0.0277205  -0.987859 0.803239 -0.154223  0.00952265  -0.98799 0.458838
0 0 0 1 0 0 0 1
0.982639  -0.0800278  -0.167378 0.0536083 0.984402  -0.0419345  -0.17086 0.03308
-0.076897  -0.996723  0.0251139 0.120025 -0.0289127  -0.996534  0.0780018 0.00991439
-0.168839  -0.0118071  -0.985573 0.763232 -0.173539  -0.0718452  -0.982203 0.462665
0 0 0 1 0 0 0 1
0.992893  0.0316906  -0.11471 -0.00913462 0.988641  -0.0941849  -0.117122 0.0417137
0.0172276  -0.992014  -0.124944 0.0862169 -0.103828  -0.991441  -0.0791443 -0.00165697
-0.117753  0.12208  -0.98551 0.669972 -0.108666  0.0904059  -0.989959 0.463039
0 0 0 1 0 0 0 1
0.992578  -0.0710423  -0.098701 -0.0283017 0.987788  0.10817  -0.112135 0.0219353
-0.052591  -0.982562  0.178344 -0.0674403 0.122957  -0.983235  0.134649 0.00485819
-0.10965  -0.171829  -0.979005 0.679735 -0.0956898  -0.146793  -0.984528 0.461698
0 0 0 1 0 0 0 1
0.999568  -0.0164667  -0.0243589 -0.0787088 0.999571  0.00877881  -0.0279565 0.0747485
-0.0160567  -0.999728  0.0169353 0.029562 0.0091202  -0.999885  0.0121077 0.0170772
-0.0246311  -0.0165368  -0.99956 0.521071 -0.027847  -0.0123575  -0.999536 0.462378
0 0 0 1 0 0 0 1
0.992837  0.00604929  -0.119326 -0.0521173 0.990842  -0.0827681  -0.106682 -0.0387575
-0.00452699  -0.996096  -0.0881639 0.104387 -0.0884895  -0.994819  -0.0500535 0.00604893
-0.119393  0.0880726  -0.988933 0.740441 -0.101987  0.0590354  -0.993032 0.460544
0 0 0 1 0 0 0 1
0.986266  -0.0618113  -0.153165 0.0307136 0.983818  0.0560701  -0.170173 -0.00403718
-0.0432594  -0.991633  0.121625 -0.0377504 0.0736356  -0.992386  0.0987282 -0.00918929
-0.159401  -0.113329  -0.980687 0.795959 -0.163341  -0.109661  -0.980456 0.462085
0 0 0 1 0 0 0 1
0.994559  0.0587665  -0.0860125 -0.0538059 0.993595  0.0433933  -0.104333 -0.0384633
0.0590746  -0.998253  0.00103887 -0.119444 0.0387252  -0.998174  -0.04636 -0.0101196
-0.0858012  -0.00611437  -0.996294 0.734755 -0.106155  0.0420228  -0.993461 0.461791
0 0 0 1 0 0 0 1
0.978267  -0.20638  -0.0200257 -0.110376 0.992686  0.100628  -0.0666932 -0.0506136
-0.194517  -0.946885  0.256071 0.0993973 0.115857  -0.949365  0.292032 0.0204483
-0.0718099  -0.246611  -0.96645 0.677355 -0.0339295  -0.297623  -0.95408 0.457664
0 0 0 1 0 0 0 1
0.997647  -0.065912  -0.0188951 -0.0759394 0.997838  0.0558592  -0.0346382 0.070013
-0.0634314  -0.99183  0.110682 0.000244966 0.0594179  -0.991924  0.112052 -0.00451359
-0.026036  -0.109223  -0.993676 0.530532 -0.0280993  -0.113868  -0.993098 0.468089
0 0 0 1 0 0 0 1
0.988439  0.111426  -0.102823 -0.0405041 0.988416  -0.0798749  -0.12905 -0.0479526
0.0949636  -0.983644  -0.153058 -0.00123235 -0.100008  -0.982371  -0.15794 -0.00978578
-0.118196  0.141524  -0.982853 0.773961 -0.11416  0.169017  -0.978979 0.461154
0 0 0 1 0 0 0 1
0.958899  -0.259899  -0.113868 0.0278943 0.986195  0.0617785  -0.15363 0.00197657
-0.223911  -0.939578  0.258955 0.127481 0.1095  -0.939284  0.3252 0.00890152
-0.174289  -0.222815  -0.959154 0.777016 -0.124212  -0.337534  -0.933082 0.461666
0 0 0 1 0 0 0 1
0.972735  0.200278  -0.116942 -0.0114429 0.991399  -0.0358808  -0.125862 -0.024021
0.178369  -0.968331  -0.174696 -0.135394 -0.0658143  -0.967923  -0.242475 -0.01512
-0.148227  0.149074  -0.977653 0.767274 -0.113124  0.248673  -0.961959 0.462161
0 0 0 1 0 0 0 1
0.998423  -0.0519556  -0.0212464 -0.151558 0.994572  0.095799  -0.0405968 -0.0747556
-0.0480409  -0.9867  0.155293 -0.0372779 0.0998878  -0.988347  0.11486 0.0124323
-0.0290322  -0.154028  -0.98764 0.646662 -0.0291203  -0.118292  -0.992552 0.465872
0 0 0 1 0 0 0 1
0.986843  0.160405  -0.0202924 -0.100719 0.993404  -0.102595  -0.0512166 -0.00258643
0.151809  -0.962436  -0.225101 -0.0694881 -0.111927  -0.964649  -0.238591 -0.0276493
-0.0556373  0.219058  -0.974124 0.611055 -0.0249277  0.24275  -0.969769 0.463624
0 0 0 1 0 0 0 1
0.978864  0.0504737  -0.198188 0.0148565 0.977428  -0.0830201  -0.194271 -0.0859094
0.0225513  -0.989796  -0.140695 0.0876205 -0.0996663  -0.991996  -0.0775254 0.00824816
-0.203267  0.133252  -0.970014 0.896055 -0.18628  0.0951379  -0.97788 0.461942
0 0 0 1 0 0 0 1
0.94871  0.310768  -0.0580771 -0.0276937 0.982847  -0.119948  -0.140088 -0.0339459
0.271899  -0.89577  -0.351663 -0.147006 -0.16798  -0.895775  -0.411546 -0.0381958
-0.161309  0.317835  -0.934323 0.767617 -0.0761229  0.428019  -0.900558 0.454194
0 0 0 1 0 0 0 1
0.979143  -0.053844  -0.195907 0.0358802 0.978484  0.0299927  -0.20413 -0.0920956
-0.0434385  -0.997427  0.0570322 -0.00136263 0.0461307  -0.996134  0.0747637 -0.000608633
-0.198473  -0.0473328  -0.978963 0.929479 -0.201098  -0.0825718  -0.976085 0.462568
0 0 0 1 0 0 0 1
0.998193  0.0600816  -0.000510057 -0.1577 0.995896  -0.0851983  -0.0305357 -0.0887607
0.0594525  -0.988898  -0.136182 0.0296168 -0.0882001  -0.989285  -0.116347 -0.00196091
-0.00868643  0.135906  -0.990684 0.659303 -0.0202959  0.118563  -0.992739 0.471816
0 0 0 1 0 0 0 1
0.992736  -0.082412  -0.0876515 -0.00514315 0.995664  0.0041828  -0.0929286 0.0614249
-0.0769288  -0.994967  0.0642004 0.0806132 0.0138993  -0.994464  0.104159 0.0157689
-0.0925012  -0.0569911  -0.99408 0.637921 -0.0919785  -0.104999  -0.99021 0.475716
0 0 0 1 0 0 0 1
0.974331  -0.224182  -0.0205188 -0.0704963 0.986934  0.14312  -0.0740179 0.0231626
-0.207502  -0.929692  0.304328 0.075767 0.159706  -0.92978  0.331669 0.0286184
-0.0873012  -0.292259  -0.952346 0.61474 -0.0213519  -0.339156  -0.940488 0.466265
0 0 0 1 0 0 0 1
0.985839  0.0189748  -0.166615 0.025698 0.984125  0.0746314  -0.161024 -0.0344841
0.0293105  -0.99778  0.059795 -0.133589 0.0767475  -0.997026  0.00695333 -0.0236013
-0.165111  -0.0638318  -0.984207 0.82977 -0.160027  -0.0192012  -0.986926 0.47142
0 0 0 1 0 0 0 1
0.95671  -0.256411  -0.137691 0.0119027 0.981893  0.0588999  -0.180049 -0.0818012
-0.214721  -0.941209  0.260807 0.127496 0.114339  -0.942055  0.31537 0.0200892
-0.19647  -0.219952  -0.955521 0.88441 -0.15104  -0.330246  -0.931732 0.45986
0 0 0 1 0 0 0 1
0.947332  -0.320251  -0.000960247 -0.102349 0.976518  0.183141  -0.113459 -0.0597817
-0.290861  -0.861641  0.415902 0.12827 0.214983  -0.862579  0.457974 0.0451376
-0.134021  -0.393718  -0.909409 0.711435 -0.0139934  -0.471611  -0.881695 0.451
0 0 0 1 0 0 0 1
0.96353  -0.265407  -0.034207 -0.0676892 0.987759  0.0996534  -0.120009 -0.0790481
-0.242403  -0.919789  0.308591 0.136011 0.137359  -0.920267  0.36639 0.0227068
-0.113365  -0.289045  -0.95058 0.778041 -0.0739283  -0.378389  -0.92269 0.462436
0 0 0 1 0 0 0 1
0.971703  0.232285  -0.0428659 -0.0901492 0.989041  -0.1113  -0.0970108 -0.0623888
0.211698  -0.936914  -0.278167 -0.103478 -0.137034  -0.936583  -0.322542 -0.0233298
-0.104776  0.261221  -0.959576 0.721415 -0.0549596  0.332301  -0.941571 0.465514
0 0 0 1 0 0 0 1
0.998854  0.0369995  -0.0303693 -0.080259 0.998032  -0.0556918  -0.0288327 0.0517212
0.0341567  -0.995418  -0.0893156 0.0362827 -0.0576512  -0.995716  -0.0722971 0.0114547
-0.0335347  0.0881759  -0.99554 0.543585 -0.0246828  0.073817  -0.996966 0.479925
0 0 0 1 0 0 0 1
0.996192  0.0184187  -0.0852152 -0.105571 0.994415  -0.0695845  -0.0793503 -0.10114
0.0102858  -0.995432  -0.0949128 0.0594264 -0.0746406  -0.995241  -0.0626378 -0.00281115
-0.0865741  0.0936749  -0.991832 0.756823 -0.0746141  0.0682107  -0.994877 0.473804
0 0 0 1 0 0 0 1
0.983848  -0.172314  -0.0484762 -0.103045 0.996609  0.0541922  -0.0619145 -0.0751384
-0.162187  -0.972708  0.165938 0.0929397 0.0666603  -0.97289  0.221453 -0.00253901
-0.0757467  -0.155396  -0.984944 0.7124 -0.048235  -0.224829  -0.973204 0.4751
0 0 0 1 0 0 0 1
0.999925  0.0021901  -0.0120788 -0.146773 0.998554  0.0526362  -0.0109636 -0.0537685
0.00297328  -0.997867  0.0652072 -0.062787 0.0528962  -0.998288  0.0249599 -0.00551715
-0.0119102  -0.0652382  -0.997799 0.606915 -0.00963107  -0.0255037  -0.999628 0.479277
0 0 0 1 0 0 0 1
0.979817  0.0819689  -0.182316 -0.00636751 0.984526  0.0109464  -0.174897 -0.100834
0.0756739  -0.99628  -0.0412327 -0.0832738 -0.00535289  -0.995703  -0.0924513 -0.0120645
-0.185018  0.0266039  -0.982375 0.886803 -0.175158  0.0919569  -0.980237 0.468955
0 0 0 1 0 0 0 1
0.99728  -0.0724543  -0.013555 -0.100014 0.994167  0.105268  -0.0234682 0.0167377
-0.0690525  -0.982655  0.172105 -0.0227809 0.107537  -0.984143  0.141062 0.0165876
-0.0257897  -0.170701  -0.984985 0.567978 -0.00824678  -0.142763  -0.989723 0.478315
0 0 0 1 0 0 0 1
0.97941  0.165957  -0.114951 0.014796 0.975401  -0.153178  -0.158522 0.015487
0.125761  -0.946979  -0.295659 0.0496821 -0.19004  -0.948728  -0.252586 -0.016592
-0.157923  0.275115  -0.948352 0.735382 -0.111704  0.276498  -0.9545 0.475711
0 0 0 1 0 0 0 1
0.978368  0.206195  -0.0167122 -0.0749123 0.986109  -0.153046  -0.064547 0.0233732
0.19156  -0.933494  -0.303139 -0.0583671 -0.16566  -0.934482  -0.31512 -0.0324586
-0.0781065  0.29338  -0.9528 0.601986 -0.01209  0.321436  -0.946854 0.471871
0 0 0 1 0 0 0 1
0.996889  0.0770549  -0.0165577 -0.113343 0.992962  -0.114372  -0.030735 -0.0187877
0.0728884  -0.981285  -0.178232 0.0425937 -0.117716  -0.981606  -0.150307 -0.00824781
-0.0299814  0.176471  -0.983849 0.603478 -0.0129787  0.152867  -0.988161 0.479899
0 0 0 1 0 0 0 1
0.996729  -0.0119291  -0.0799317 -0.0372788 0.996457  -0.0432708  -0.0721128 0.0268296
-0.0152479  -0.999041  -0.0410389 0.062715 -0.043788  -0.999025  -0.00560526 0.000253513
-0.0793655  0.0421235  -0.995955 0.642539 -0.0717999  0.00874308  -0.997381 0.483467
0 0 0 1 0 0 0 1
0.996835  -0.0439577  -0.0662395 -0.109057 0.997355  -0.03386  -0.064315 -0.100564
-0.045044  -0.998872  -0.0149955 0.0695282 -0.0319929  -0.999043  0.0298415 -0.0101833
-0.0655057  0.0179317  -0.997691 0.739529 -0.0652639  -0.027705  -0.997483 0.479542
0 0 0 1 0 0 0 1
0.993375  0.112772  -0.0221116 -0.134464 0.982822  -0.173183  -0.0637792 -0.0830653
0.103123  -0.959665  -0.26155 0.0643367 -0.183246  -0.9568  -0.22573 -0.0208316
-0.0507152  0.257537  -0.964937 0.678549 -0.0219312  0.23354  -0.9721 0.476843
0 0 0 1 0 0 0 1
0.999981  -0.00267973  -0.00555034 -0.0972109 0.999994  -0.000349162  -0.00337842 0.0483582
-0.00267197  -0.999995  0.00140446 -0.0256484 -0.000360952  -0.999994  -0.00348988 -0.0260253
-0.00555408  -0.0013896  -0.999984 0.512528 -0.00337718  0.00349108  -0.999988 0.484679
0 0 0 1 0 0 0 1
0.96148  0.0928382  -0.258721 0.211337 0.965342  0.0253469  -0.259753 0.0571184
0.0818311  -0.995235  -0.0530178 -0.0879139 0.000389096  -0.995411  -0.0956868 -0.00112525
-0.26241  0.0298041  -0.964496 0.891461 -0.260987  0.0922695  -0.960923 0.488202
0 0 0 1 0 0 0 1
0.997021  -0.0770733  0.00281947 -0.158357 0.999799  0.020037  -0.000350902 -0.0946862
-0.0770739  -0.994369  0.0727331 0.0811013 0.019962  -0.994209  0.105595 0.0195271
-0.00280219  -0.0727338  -0.997347 0.65628 0.00176693  -0.105581  -0.994409 0.485155
0 0 0 1 0 0 0 1
0.979479  -0.144235  -0.140773 0.0537072 0.988167  0.00735081  -0.153204 0.0262224
-0.12979  -0.985758  0.106938 0.0938214 0.0333009  -0.985307  0.167516 -0.00507528
-0.154192  -0.0864724  -0.98425 0.762118 -0.149721  -0.170636  -0.973893 0.486507
0 0 0 1 0 0 0 1
0.948446  -0.308677  -0.0718952 0.00821246 0.967289  0.169532  -0.188706 -0.0218942
-0.252909  -0.873821  0.415301 0.048145 0.236303  -0.872724  0.427216 0.0335634
-0.191017  -0.375707  -0.906839 0.794234 -0.092261  -0.457834  -0.884238 0.465854
0 0 0 1 0 0 0 1
0.936215  -0.321732  -0.141383 0.0718536 0.974925  0.0629039  -0.213459 -0.0539947
-0.267937  -0.913807  0.305231 0.146689 0.143903  -0.909882  0.389111 0.0147133
-0.2274  -0.24788  -0.941724 0.908281 -0.169746  -0.410071  -0.896118 0.468391
0 0 0 1 0 0 0 1
0.98593  0.140195  -0.0910374 -0.0494844 0.993634  -0.00224514  -0.112637 -0.0866576
0.133063  -0.987857  -0.0802049 -0.146192 -0.0202229  -0.987116  -0.158721 -0.0274067
-0.101176  0.0669627  -0.992612 0.801799 -0.11083  0.159989  -0.980877 0.478409
0 0 0 1 0 0 0 1
0.990168  0.0511448  -0.130198 0.0197496 0.989842  0.067914  -0.124903 0.00413071
0.0569617  -0.99752  0.0413503 -0.125525 0.0648447  -0.997489  -0.0284823 0.00554432
-0.12776  -0.04836  -0.990625 0.749521 -0.126524  0.0200937  -0.99176 0.487171
0 0 0 1 0 0 0 1
0.996127  -0.0878833  -0.00272152 -0.123819 0.998814  0.0436726  -0.0215233 -0.0338638
-0.0871558  -0.991021  0.101397 0.0292443 0.0459425  -0.99175  0.119671 -0.0136616
-0.0116082  -0.100768  -0.994842 0.604171 -0.0161194  -0.120518  -0.99258 0.488231
0 0 0 1 0 0 0 1
0.954338  -0.149958  -0.258363 0.221826 0.956528  0.0768756  -0.281326 0.044575
-0.0959796  -0.972939  0.210183 -0.0519713 0.13351  -0.973043  0.188049 -0.00895251
-0.28289  -0.175788  -0.942906 0.923864 -0.259286  -0.217434  -0.941007 0.491332
0 0 0 1 0 0 0 1
0.997659  0.0683326  -0.0027584 -0.126717 0.99881  -0.0487248  -0.0023369 -0.0336212
0.0677695  -0.993241  -0.0942313 -0.0509202 -0.0486983  -0.993188  -0.105863 -0.0318071
-0.00917883  0.0938237  -0.995547 0.603558 0.00283717  0.10585  -0.994378 0.487142
0 0 0 1 0 0 0 1
0.969875  0.127844  -0.207359 0.12895 0.97143  -0.0713522  -0.226347 0.00318964
0.0897046  -0.978841  -0.183914 0.0216547 -0.111512  -0.979126  -0.169932 -0.00063101
-0.226484  0.159772  -0.960821 0.8844 -0.209497  0.190318  -0.959109 0.485244
0 0 0 1 0 0 0 1
0.989497  -0.0264776  -0.142108 -0.0369774 0.986437  0.105052  -0.126121 -0.0756846
-0.00326562  -0.986925  0.161146 -0.121966 0.114572  -0.990893  0.0707473 -0.00788735
-0.144516  -0.15899  -0.976646 0.800901 -0.11754  -0.0842377  -0.989489 0.482993
0 0 0 1 0 0 0 1
0.91114  -0.409431  -0.0467966 0.0155496 0.965605  0.163828  -0.201909 -0.0285943
-0.337257  -0.806105  0.486264 0.140849 0.248948  -0.806633  0.536068 0.0461848
-0.236815  -0.427272  -0.872558 0.815453 -0.0750438  -0.567894  -0.819673 0.454001
0 0 0 1 0 0 0 1
0.963358  0.267753  0.0157987 -0.0988653 0.979881  -0.183448  -0.0786143 -0.0268206
0.254133  -0.892348  -0.373004 -0.0981577 -0.199551  -0.893439  -0.402425 -0.0454964
-0.0857747  0.363351  -0.927695 0.653475 0.00358695  0.410016  -0.912071 0.470108
0 0 0 1 0 0 0 1
0.999475  0.0318077  0.00611872 -0.167099 0.999472  -0.0324797  -0.00127685 -0.106876
0.0321738  -0.996738  -0.0740213 0.01938 -0.0325013  -0.998008  -0.0540692 0.0232193
0.0037443  0.0741794  -0.997238 0.655879 0.000481842  0.0540821  -0.998536 0.490947
0 0 0 1 0 0 0 1
0.98855  -0.0893408  -0.121604 -0.0194435 0.992734  -0.00231898  -0.120305 -0.0384284
-0.0815691  -0.994382  0.0674625 0.104976 0.0105005  -0.99433  0.105815 0.0297682
-0.126948  -0.0567709  -0.990283 0.76778 -0.119868  -0.10631  -0.987082 0.487115
0 0 0 1 0 0 0 1
0.979275  -0.202405  -0.00718648 -0.137385 0.980749  0.181744  -0.0714227 -0.0957342
-0.188956  -0.925826  0.327326 0.018762 0.195161  -0.924743  0.326747 0.0293977
-0.072906  -0.319185  -0.944884 0.693605 -0.00666329  -0.334395  -0.942409 0.479539
0 0 0 1 0 0 0 1
0.93415  0.35661  -0.0138543 -0.0617205 0.976413  -0.163744  -0.140735 -0.0699261
0.315774  -0.844021  -0.433492 -0.15674 -0.212585  -0.843081  -0.493986 -0.0451806
-0.166281  0.400572  -0.901051 0.77022 -0.0377636  0.512252  -0.858004 0.460543
0 0 0 1 0 0 0 1
0.989944  0.101578  -0.0984524 -0.0744633 0.988192  -0.108701  -0.107984 -0.0961131
0.0819479  -0.979092  -0.186184 0.0435131 -0.1255  -0.978535  -0.163461 -0.00250643
-0.115306  0.176243  -0.97757 0.783252 -0.0878976  0.175083  -0.980622 0.486979
0 0 0 1 0 0 0 1
0.990912  0.0657006  -0.117378 0.0528347 0.990734  -0.0589837  -0.12234 0.0776531
0.052588  -0.992371  -0.111513 0.00497472 -0.0708515  -0.992949  -0.0950396 -0.0163896
-0.123809  0.104327  -0.986806 0.683095 -0.115872  0.102827  -0.987927 0.496934
0 0 0 1 0 0 0 1
0.987336  -0.00343763  -0.158609 0.0972287 0.983117  -0.0311411  -0.180311 0.0350675
-0.00918418  -0.999327  -0.0355123 0.0644682 -0.0318396  -0.999493  -0.000980383 0.0192089
-0.15838  0.0365192  -0.986703 0.80119 -0.180189  0.00670487  -0.983609 0.496408
0 0 0 1 0 0 0 1
0.955179  0.149529  -0.255488 0.240821 0.957601  -0.0288317  -0.286651 0.0572517
0.109883  -0.980483  -0.163031 -0.0219041 -0.0819565  -0.981133  -0.175104 0.0126999
-0.274879  0.12765  -0.952967 0.920184 -0.276195  0.191173  -0.941897 0.498861
0 0 0 1 0 0 0 1
0.992418  0.091187  -0.0824129 -0.0264264 0.994357  -0.0513607  -0.0928257 -0.00311182
0.0812316  -0.989805  -0.116991 -0.00760988 -0.0630623  -0.989783  -0.127879 0.0110975
-0.0922408  0.10941  -0.989708 0.69747 -0.0853093  0.133012  -0.987436 0.494817
0 0 0 1 0 0 0 1
0.977982  0.188268  -0.0900322 -0.0316885 0.988443  -0.0815052  -0.12782 -0.0646044
0.162684  -0.958007  -0.236129 -0.0504829 -0.111662  -0.961722  -0.250244 0.000813189
-0.130707  0.216283  -0.967542 0.789498 -0.102531  0.261624  -0.959708 0.489017
0 0 0 1 0 0 0 1
0.885972  -0.462985  0.0264447 -0.0358406 0.952336  0.227401  -0.203332 -0.0427284
-0.3916  -0.716386  0.577443 0.152025 0.305018  -0.719567  0.623849 0.0601574
-0.248403  -0.521954  -0.816003 0.782652 -0.00444718  -0.656134  -0.754631 0.438131
0 0 0 1 0 0 0 1
0.99196  -0.125165  -0.0186595 -0.0511984 0.995997  0.081274  -0.0372141 0.0646579
-0.120539  -0.979427  0.161844 0.0348885 0.0869021  -0.977902  0.190148 -2.84411e-05
-0.0385328  -0.158293  -0.98664 0.551081 -0.0209377  -0.19262  -0.98105 0.49616
0 0 0 1 0 0 0 1
0.983776  -0.0153381  -0.178744 -0.00392 0.984755  -0.0722531  -0.158228 -0.10305
-0.0313382  -0.995712  -0.0870379 0.10083 -0.0742906  -0.997212  -0.00699242 -0.00488942
-0.176642  0.0912273  -0.980038 0.879429 -0.157282  0.0186407  -0.987378 0.487061
0 0 0 1 0 0 0 1
0.992714  -0.0776412  -0.0921474 -0.0810374 0.985793  0.128895  -0.107692 -0.110347
-0.0587027  -0.979468  0.192866 -0.0792567 0.145118  -0.976442  0.159696 0.0136454
-0.10523  -0.186051  -0.976889 0.791869 -0.0845714  -0.173055  -0.981275 0.488451
0 0 0 1 0 0 0 1
0.964911  -0.21807  -0.146259 0.050684 0.985761  0.0167615  -0.167313 -0.0302762
-0.192438  -0.966273  0.171127 0.13804 0.0595716  -0.965295  0.254275 -3.43406e-05
-0.178643  -0.136977  -0.974333 0.838027 -0.157244  -0.260622  -0.952549 0.490855
0 0 0 1 0 0 0 1
0.995688  -0.0922741  -0.00950188 -0.0749708 0.999442  0.0218342  -0.0252774 0.0243608
-0.0910973  -0.991995  0.0874498 0.0448518 0.0246059  -0.993048  0.11511 -0.0256397
-0.0174952  -0.0862072  -0.996124 0.573705 -0.0225883  -0.115668  -0.993031 0.498318
0 0 0 1 0 0 0 1
0.966106  -0.257975  0.00933493 -0.0718735 0.978819  0.189303  -0.0779605 0.00920347
-0.242606  -0.895002  0.374318 0.0730224 0.204635  -0.893193  0.400413 0.0347781
-0.08821  -0.363896  -0.927253 0.622304 0.00616561  -0.407885  -0.913013 0.482112
0 0 0 1 0 0 0 1
0.993603  -0.0515024  -0.100501 0.0287618 0.994957  0.0253412  -0.0970473 0.0845681
-0.0444951  -0.9965  0.0707628 -0.0147706 0.0322129  -0.997033  0.0699087 -0.0300688
-0.103793  -0.0658384  -0.992417 0.635616 -0.0949878  -0.0726823  -0.992822 0.502014
0 0 0 1 0 0 0 1
0.988311  -0.133922  -0.0728396 -0.00131281 0.985517  0.132601  -0.105707 0.0484501
-0.112836  -0.963892  0.241207 -0.0421171 0.153045  -0.963953  0.217651 0.00203905
-0.102512  -0.230169  -0.967736 0.649592 -0.0730359  -0.230677  -0.970286 0.496831
0 0 0 1 0 0 0 1
0.992844  0.114339  -0.0344565 -0.111186 0.998714  -0.0078875  -0.0500808 -0.103612
0.111731  -0.991275  -0.0699217 -0.0808005 -0.0148219  -0.990091  -0.139645 0.023304
-0.0421506  0.0655714  -0.996957 0.728555 -0.0484831  0.140207  -0.988934 0.496642
0 0 0 1 0 0 0 1
0.999073  0.0111746  -0.041563 -0.126565 0.997268  0.0630979  -0.0384153 -0.104433
0.013671  -0.998088  0.0602705 -0.0650069 0.0641691  -0.997565  0.0273196 0.0180444
-0.04081  -0.0607828  -0.997316 0.709178 -0.0365979  -0.02971  -0.998888 0.495554
0 0 0 1 0 0 0 1
0.997098  -0.0236079  -0.0723822 0.027229 0.995874  -0.0359832  -0.0833119 0.0982527
-0.0255811  -0.999323  -0.0264557 0.0549478 -0.0357552  -0.999352  0.00422743 -0.0109764
-0.0717086  0.0282305  -0.997026 0.608865 -0.08341  -0.00123115  -0.996515 0.502609
0 0 0 1 0 0 0 1
0.938346  -0.34  -0.0625087 0.0183059 0.984232  0.0960951  -0.148503 -0.0425159
-0.29908  -0.889109  0.346463 0.165794 0.152247  -0.887629  0.434667 0.0117972
-0.173375  -0.306407  -0.935979 0.818079 -0.0900459  -0.450422  -0.888263 0.481121
0 0 0 1 0 0 0 1
0.995132  0.076862  -0.0616837 0.0130769 0.997661  -0.00157171  -0.0683368 0.0976081
0.0734394  -0.995728  -0.0559598 -0.0424443 -0.0075762  -0.996118  -0.0876962 0.0274281
-0.0657214  0.0511574  -0.996526 0.586893 -0.0679337  0.0880088  -0.993801 0.50429
0 0 0 1 0 0 0 1
0.976029  -0.0461247  -0.212695 0.169404 0.97694  0.00885016  -0.213331 0.07342
-0.0387325  -0.998496  0.0387938 0.0210014 0.0210537  -0.998264  0.0550011 0.00668502
-0.214165  -0.0296257  -0.976348 0.822699 -0.212474  -0.0582242  -0.975431 0.505811
0 0 0 1 0 0 0 1
0.999364  0.0356089  0.0019317 -0.0573008 0.999243  -0.037912  0.00869018 0.105226
0.0356576  -0.997016  -0.0684676 -0.00579332 -0.0372868  -0.997293  -0.0633819 -0.00630722
-0.000512126  0.0684929  -0.997651 0.469278 0.0110696  0.0630099  -0.997952 0.49976
0 0 0 1 0 0 0 1
0.994741  0.0688671  -0.0758176 -0.0244055 0.997084  0.0225443  -0.0729063 0.0040892
0.0662178  -0.997122  -0.0369215 -0.0687479 0.0181506  -0.998011  -0.0603754 0.0212763
-0.0781421  0.0317068  -0.996438 0.682291 -0.0741224  0.058876  -0.99551 0.500137
0 0 0 1 0 0 0 1
0.999732  -0.0209873  0.00981393 -0.123406 0.999348  -0.0355876  0.00606588 -0.0142454
-0.0206102  -0.9991  -0.0370659 0.0388272 -0.0355996  -0.999364  0.00187951 -0.0155649
0.010583  0.0368537  -0.999265 0.559848 0.00599513  -0.00209422  -0.99998 0.501454
0 0 0 1 0 0 0 1
0.997902  0.000240378  -0.064743 -0.0651895 0.996554  -0.0329869  -0.0761066 -0.0501598
-0.00137154  -0.99969  -0.0248515 0.00923052 -0.0349445  -0.999088  -0.0245359 -0.0271184
-0.0647289  0.0248882  -0.997592 0.712099 -0.0752278  0.0271108  -0.996798 0.499344
0 0 0 1 0 0 0 1
0.929636  0.365643  0.0456245 -0.106061 0.950626  -0.271367  -0.150568 -0.0553423
0.330234  -0.77181  -0.543374 -0.0813689 -0.308251  -0.769448  -0.559402 -0.0609789
-0.163467  0.520207  -0.83825 0.701391 0.0359489  0.578195  -0.815106 0.454363
0 0 0 1 0 0 0 1
0.992974  -0.118194  -0.00574882 -0.139105 0.989579  0.13972  -0.0347982 -0.0859081
-0.11406  -0.968917  0.219522 -0.0156882 0.143936  -0.966385  0.213031 0.0191402
-0.0315164  -0.217324  -0.975591 0.662689 -0.00386378  -0.215819  -0.976426 0.496524
0 0 0 1 0 0 0 1
0.992727  0.112693  -0.0423445 -0.0295549 0.996472  -0.0717175  -0.0435878 0.075575
0.104843  -0.98218  -0.155981 -0.0230793 -0.0782958  -0.981424  -0.175147 0.00628666
-0.0591679  0.150407  -0.986852 0.563198 -0.0302171  0.177941  -0.983577 0.503852
0 0 0 1 0 0 0 1
0.988553  0.100916  -0.112152 -0.0031405 0.983812  -0.12515  -0.128262 -0.019648
0.0755159  -0.97451  -0.211251 0.0792507 -0.146527  -0.973835  -0.173711 0.00719735
-0.130612  0.200363  -0.970976 0.753724 -0.103166  0.189693  -0.976408 0.500131
0 0 0 1 0 0 0 1
0.991515  -0.0878829  -0.0957837 -0.011325 0.982352  0.127477  -0.136872 -0.0384752
-0.0662488  -0.975596  0.209341 -0.0750155 0.148619  -0.97629  0.157386 0.0151748
-0.111844  -0.201219  -0.97314 0.77237 -0.113564  -0.17495  -0.978006 0.495383
0 0 0 1 0 0 0 1
0.992234  -0.0929362  -0.0826682 -0.0470474 0.994079  0.0628243  -0.0886527 -0.050726
-0.0800593  -0.985837  0.147364 -0.00914524 0.0748947  -0.987293  0.140158 -0.0144614
-0.0951928  -0.139601  -0.985622 0.741689 -0.0787208  -0.145967  -0.986152 0.499355
0 0 0 1 0 0 0 1
0.999286  -0.029783  -0.023254 -0.0324339 0.999931  -0.00303604  -0.011384 0.111652
-0.0294108  -0.999436  0.0161834 0.0148742 -0.0026134  -0.999313  0.0369585 -0.0187661
-0.0237229  -0.015488  -0.999599 0.49544 -0.0114884  -0.0369262  -0.999252 0.503699
0 0 0 1 0 0 0 1
0.944431  -0.328311  0.0161984 -0.0462342 0.972997  0.200012  -0.115207 0.00957656
-0.302578  -0.849037  0.433108 0.108781 0.230818  -0.844111  0.483942 0.0323593
-0.128441  -0.413942  -0.901196 0.659114 -0.000453423  -0.497466  -0.867483 0.480018
0 0 0 1 0 0 0 1
0.990849  0.132507  -0.0256958 -0.0858053 0.987507  -0.142051  -0.0681949 -0.0330842
0.122594  -0.96315  -0.239403 0.0301677 -0.154088  -0.961061  -0.229388 -0.0062109
-0.0564714  0.234062  -0.97058 0.658088 -0.0329547  0.23703  -0.970943 0.499202
0 0 0 1 0 0 0 1
0.99183  -0.0686566  -0.107519 0.0419232 0.988905  0.0931851  -0.115687 0.0759988
-0.0507455  -0.985608  0.161252 -0.0367965 0.106979  -0.987066  0.119395 0.0182604
-0.117043  -0.154478  -0.981039 0.663869 -0.103065  -0.130447  -0.986084 0.505006
0 0 0 1 0 0 0 1
0.991633  0.0540114  -0.11725 0.0425255 0.992077  0.0220526  -0.123683 0.0506013
0.052459  -0.99849  -0.0162882 -0.109386 0.0155649  -0.998464  -0.053177 -0.0375307
-0.117953  0.0100011  -0.992969 0.701614 -0.124665  0.0508305  -0.990896 0.504638
0 0 0 1 0 0 0 1
0.982165  -0.138751  -0.126886 0.0916165 0.98828  0.00810764  -0.15244 0.0715188
-0.125744  -0.986451  0.105366 0.113103 0.0340936  -0.985088  0.168639 0.0202493
-0.139787  -0.087532  -0.986305 0.730962 -0.148799  -0.171859  -0.973819 0.504358
0 0 0 1 0 0 0 1
0.989697  -0.130193  -0.0595791 -0.0970852 0.977629  0.181719  -0.105925 -0.110819
-0.106963  -0.94893  0.296802 -0.092662 0.201979  -0.951602  0.231644 0.0147158
-0.0951778  -0.287371  -0.953079 0.764964 -0.0587043  -0.247856  -0.967017 0.491914
0 0 0 1 0 0 0 1
0.983179  0.176592  -0.0466237 -0.0173343 0.994483  -0.0773178  -0.0708861 0.0445538
0.164435  -0.966945  -0.194882 -0.0747765 -0.0928361  -0.963351  -0.251668 0.000708186
-0.0794972  0.183938  -0.979718 0.628347 -0.0488297  0.256861  -0.965214 0.501118
0 0 0 1 0 0 0 1
0.982045  -0.177805  -0.0630376 -0.0220532 0.995759  0.0538729  -0.07458 0.00502369
-0.163503  -0.968901  0.185736 0.0810237 0.0695592  -0.9714  0.227033 -0.0161982
-0.094102  -0.172094  -0.980576 0.682319 -0.0602161  -0.231258  -0.971027 0.503141
0 0 0 1 0 0 0 1
0.95914  -0.261596  -0.107787 0.0531545 0.977351  0.128726  -0.16797 0.02846
-0.214685  -0.921037  0.324965 0.0804164 0.181894  -0.91666  0.355877 0.0416548
-0.184285  -0.288546  -0.939564 0.757839 -0.108161  -0.37837  -0.919313 0.491798
0 0 0 1 0 0 0 1
0.992023  0.0673624  -0.106545 -0.0315797 0.991893  0.0521609  -0.115874 -0.0850916
0.0677607  -0.997702  0.000118489 -0.152206 0.046084  -0.997449  -0.0545191 -0.028976
-0.106292  -0.0073371  -0.994308 0.812824 -0.118422  0.0487372  -0.991767 0.498204
0 0 0 1 0 0 0 1
0.998501  0.017368  -0.0518958 -0.067878 0.998664  0.0409415  -0.0315153 -0.00369717
0.0193718  -0.999076  0.0383603 -0.0739263 0.0411799  -0.999128  0.00695317 -0.0122258
-0.0511816  -0.0393081  -0.997915 0.628756 -0.0312032  -0.00824169  -0.999479 0.504394
0 0 0 1 0 0 0 1
0.899769  0.435863  -0.0209692 0.0145115 0.955148  -0.196867  -0.221214 -0.0421168
0.358236  -0.765251  -0.534844 -0.128677 -0.290921  -0.763297  -0.576838 -0.0583552
-0.249165  0.473724  -0.844691 0.836454 -0.0552912  0.615322  -0.786335 0.454428
0 0 0 1 0 0 0 1
0.992996  -0.0514067  -0.106375 -0.0505878 0.994033  -0.0507365  -0.096562 -0.083823
-0.0534354  -0.998438  -0.0163084 0.140266 -0.0485051  -0.998502  0.0253189 0.0360822
-0.105371  0.0218784  -0.994192 0.782956 -0.097702  -0.020484  -0.995005 0.500587
0 0 0 1 0 0 0 1
0.98913  0.0509105  -0.137951 0.0230747 0.989884  -0.0322998  -0.138151 -0.0178019
0.0410892  -0.996476  -0.0731312 -0.024136 -0.0421563  -0.996724  -0.0690253 -0.0273066
-0.141188  0.0666679  -0.987735 0.786828 -0.135469  0.074151  -0.988003 0.503728
0 0 0 1 0 0 0 1
0.986887  -0.161217  0.00792029 -0.0590598 0.98734  0.154294  -0.0367742 0.0579493
-0.157086  -0.947998  0.27681 0.00887102 0.158463  -0.94934  0.271372 0.0120706
-0.0371181  -0.274425  -0.960892 0.544388 0.00696002  -0.273764  -0.961772 0.501072
0 0 0 1 0 0 0 1
0.975103  0.162479  -0.150914 0.0545449 0.986499  0.0176938  -0.162808 -0.0403465
0.147921  -0.983599  -0.103208 -0.132644 -0.0122204  -0.983421  -0.180924 0.0136906
-0.165208  0.0783154  -0.983144 0.852025 -0.16331  0.180471  -0.969928 0.502311
0 0 0 1 0 0 0 1
0.932463  -0.359602  0.0346427 -0.0904272 0.969006  0.210455  -0.129367 -0.0704204
-0.332756  -0.81758  0.469932 0.137587 0.247015  -0.81846  0.518755 0.0514772
-0.140665  -0.449722  -0.882022 0.732777 0.003293  -0.534632  -0.845078 0.469028
0 0 0 1 0 0 0 1
0.981509  -0.189588  -0.026382 -0.095777 0.990672  0.114244  -0.0742796 -0.0990893
-0.177191  -0.952042  0.249437 0.0674592 0.130672  -0.951053  0.280039 0.020673
-0.072407  -0.24015  -0.968031 0.751028 -0.0386511  -0.287134  -0.95711 0.496919
0 0 0 1 0 0 0 1
0.99382  -0.0476737  -0.100244 0.0111574 0.993979  0.0151364  -0.108517 -0.00474261
-0.0427537  -0.9978  0.0506689 -0.00558959 0.0218428  -0.997906  0.0608808 -0.0272816
-0.102439  -0.04607  -0.993672 0.746373 -0.107368  -0.0628846  -0.992229 0.509292
0 0 0 1 0 0 0 1
0.962363  0.257609  -0.0865711 0.0376846 0.982124  -0.110527  -0.152371 0.0119437
0.2199  -0.925312  -0.308937 -0.110374 -0.15823  -0.92321  -0.350209 -0.0421373
-0.15969  0.278272  -0.947134 0.75901 -0.101963  0.368058  -0.924195 0.494225
0 0 0 1 0 0 0 1
0.993052  0.0859038  -0.080424 -0.0021637 0.986142  -0.134522  -0.0970964 0.0455856
0.0680017  -0.976694  -0.203578 0.0673121 -0.149818  -0.973479  -0.172895 -0.0207791
-0.0960378  0.196694  -0.97575 0.643502 -0.0712631  0.185046  -0.980143 0.507297
0 0 0 1 0 0 0 1
0.988497  0.0871913  -0.12358 -0.0189586 0.972704  -0.173316  -0.154302 -0.0889795
0.0533595  -0.965609  -0.254466 0.14924 -0.199323  -0.964516  -0.173143 -0.00681216
-0.141517  0.244944  -0.959153 0.831769 -0.118818  0.199172  -0.972735 0.498885
0 0 0 1 0 0 0 1
0.970758  0.214055  -0.108672 -0.0187204 0.97521  -0.145118  -0.167049 -0.0923022
0.16943  -0.931618  -0.321531 -0.00571459 -0.19135  -0.932183  -0.307279 -0.0261263
-0.170066  0.293716  -0.940643 0.848083 -0.111128  0.331627  -0.936843 0.491791
0 0 0 1 0 0 0 1
0.966933  -0.247123  -0.0630184 -0.0137294 0.983159  0.13609  -0.121975 -0.0212722
-0.215001  -0.922787  0.319747 0.0562715 0.170738  -0.922002  0.347508 0.0150175
-0.137169  -0.295625  -0.945405 0.742598 -0.0651686  -0.362481  -0.92971 0.49938
0 0 0 1 0 0 0 1
0.973079  0.21954  -0.0701374 -0.00815451 0.965237  -0.218443  -0.143528 0.0120939
0.17321  -0.897383  -0.405835 0.0551824 -0.255927  -0.901418  -0.349209 -0.0259802
-0.152037  0.382762  -0.911251 0.692438 -0.0530963  0.373802  -0.925987 0.499461
0 0 0 1 0 0 0 1
0.993423  -0.0408533  -0.106966 0.0137983 0.993659  -0.0336252  -0.107288 0.0100281
-0.0414169  -0.999137  -0.00305156 0.116798 -0.0298158  -0.998874  0.0369152 0.0413488
-0.106749  0.00746168  -0.994258 0.720345 -0.108409  -0.0334822  -0.993542 0.510207
0 0 0 1 0 0 0 1
0.993925  -0.0405777  -0.102308 0.0718528 0.991625  0.0436981  -0.121532 0.0983489
-0.0324974  -0.996309  0.0794457 0.00528424 0.0516362  -0.99668  0.0629524 0.0278593
-0.105155  -0.0756383  -0.991575 0.6611 -0.118378  -0.0687007  -0.990589 0.515992
0 0 0 1 0 0 0 1
0.999121  -0.0351589  0.0228157 -0.154775 0.998765  -0.0470387  0.0160031 -0.0896183
-0.0342053  -0.998577  -0.0409196 0.0553452 -0.0472401  -0.998806  0.0124487 -0.0323419
0.0242219  0.0401032  -0.998902 0.6195 0.0153984  -0.0131893  -0.999794 0.511985
0 0 0 1 0 0 0 1
0.996001  0.0887571  0.0101905 -0.154925 0.996721  -0.0805472  -0.00768175 -0.111718
0.0892904  -0.985142  -0.146703 -0.0505768 -0.0807627  -0.9846  -0.155048 -0.0399456
-0.00298189  0.147027  -0.989128 0.66909 0.00492521  0.15516  -0.987877 0.505734
0 0 0 1 0 0 0 1
0.965902  -0.221406  -0.134215 0.0458257 0.959714  0.187981  -0.208834 -0.0294187
-0.159019  -0.9164  0.367319 -0.0740452 0.249696  -0.911402  0.327105 0.0179745
-0.204321  -0.333451  -0.92036 0.829749 -0.128842  -0.366073  -0.921624 0.497076
0 0 0 1 0 0 0 1
0.943079  0.330797  0.0342865 -0.0620167 0.967849  -0.224597  -0.113243 0.00061484
0.3082  -0.830581  -0.463841 -0.109807 -0.250844  -0.828584  -0.500525 -0.05102
-0.124959  0.448005  -0.885255 0.650651 0.018585  0.512839  -0.858284 0.481851
0 0 0 1 0 0 0 1
0.978425  -0.206603  -0.000891177 -0.136178 0.962596  0.251324  -0.101219 -0.110829
-0.187092  -0.887837  0.420407 -0.0524768 0.270914  -0.88751  0.372735 0.036456
-0.0876485  -0.41117  -0.907335 0.707266 0.0038444  -0.386215  -0.922401 0.49054
0 0 0 1 0 0 0 1
0.959497  -0.259966  -0.108546 0.0506824 0.98553  0.0603998  -0.158374 -0.0154134
-0.224592  -0.938474  0.262346 0.159598 0.109574  -0.939895  0.323404 0.0394545
-0.170068  -0.227342  -0.95885 0.810123 -0.129322  -0.336079  -0.932913 0.497264
0 0 0 1 0 0 0 1
0.978588  -0.142094  -0.148914 0.0474942 0.98637  0.00762752  -0.164366 -0.0612995
-0.125494  -0.985345  0.115531 0.0833468 0.0360729  -0.984648  0.170782 -0.0123501
-0.163148  -0.0943694  -0.982078 0.875903 -0.16054  -0.174383  -0.971503 0.506797
0 0 0 1 0 0 0 1
0.995868  0.0908158  -0.000309532 -0.0701358 0.995326  -0.0960066  -0.010406 0.0482899
0.0893434  -0.980322  -0.176031 -0.0368258 -0.0963784  -0.980815  -0.169451 -0.042901
-0.0162898  0.175276  -0.984385 0.533859 0.00606201  0.169662  -0.985484 0.507865
0 0 0 1 0 0 0 1
0.998808  0.0164358  -0.0459697 -0.0257648 0.993318  -0.096685  -0.0630175 0.0361721
0.010268  -0.991287  -0.131322 0.0695838 -0.101405  -0.991893  -0.0765838 -0.0270214
-0.0477276  0.130693  -0.990273 0.618 -0.0551021  0.0824624  -0.99507 0.512521
0 0 0 1 0 0 0 1
0.978311  -0.166457  -0.123285 0.0362618 0.979208  0.113064  -0.16843 -0.0267069
-0.133323  -0.961513  0.240246 0.0053 0.152383  -0.958032  0.242803 0.0254193
-0.15853  -0.218598  -0.962851 0.812837 -0.133909  -0.26342  -0.955342 0.503832
0 0 0 1 0 0 0 1
0.998701  0.0445782  -0.0246705 -0.131899 0.999648  0.00702713  -0.0255895 -0.108864
0.043839  -0.998596  -0.0297354 -0.100453 0.00586942  -0.998968  -0.0450389 -0.0473042
-0.0259614  0.0286152  -0.999253 0.69407 -0.0258796  0.0448728  -0.998657 0.512361
0 0 0 1 0 0 0 1
0.991339  -0.130947  0.0100164 -0.095388 0.99312  0.113747  -0.0278128 -0.00913033
-0.130211  -0.970095  0.204843 0.034844 0.117089  -0.967643  0.22351 0.0231664
-0.0171068  -0.204373  -0.978744 0.589353 -0.00148919  -0.225229  -0.974305 0.510411
0 0 0 1 0 0 0 1
0.986228  0.164447  -0.0176695 -0.137852 0.971451  -0.225376  -0.0740861 -0.118594
0.147658  -0.923561  -0.353881 0.0547833 -0.237241  -0.922867  -0.303369 -0.0354604
-0.0745136  0.346399  -0.935123 0.710644 4.98836e-07  0.312284  -0.949989 0.498905
0 0 0 1 0 0 0 1
0.971289  -0.210898  -0.110092 0.0664495 0.989513  0.062688  -0.130133 0.0599307
-0.18232  -0.957143  0.225028 0.0983409 0.0956114  -0.959559  0.264775 0.0049683
-0.152831  -0.198495  -0.968113 0.712284 -0.108272  -0.27444  -0.955489 0.51221
0 0 0 1 0 0 0 1
0.998874  -0.0469023  0.00714812 -0.0515206 0.99724  0.0742051  0.00226119 0.102095
-0.0474163  -0.992034  0.11671 0.0101121 0.0736334  -0.992523  0.097343 0.0418345
0.0016172  -0.116917  -0.99314 0.471652 0.00946763  -0.0969079  -0.995248 0.512384
0 0 0 1 0 0 0 1
0.998234  -0.0589076  -0.00763475 -0.129234 0.993233  0.112794  -0.0276669 -0.101254
