0.962233  0.25252  0.101694 0.060056 0.954481  -0.296091  -0.0359851 -0.260186
0.269746  -0.834105  -0.48115 -0.229095 -0.27739  -0.836836  -0.471974 -0.241382
-0.0366768  0.49041  -0.87072 0.91801 0.109634  0.460472  -0.880878 0.882878
0 0 0 1 0 0 0 1
0.99781  0.0616222  -0.0240361 0.232367 0.984218  -0.169946  -0.0493184 -0.256132
0.0543856  -0.971168  -0.232112 0.249845 -0.175749  -0.971283  -0.16038 0.12245
-0.0376463  0.230296  -0.972392 1.07056 -0.0206462  0.166516  -0.985823 1.01438
0 0 0 1 0 0 0 1
0.977235  0.152198  0.147806 0.0366433 0.926045  -0.376887  0.0199348 -0.421703
0.20691  -0.837706  -0.505407 -0.00497973 -0.331706  -0.837954  -0.433364 -0.135395
0.0468959  0.524484  -0.850128 0.976533 0.180034  0.394702  -0.900998 1.02599
0 0 0 1 0 0 0 1
0.967768  0.247034  0.0489872 0.18922 0.901242  -0.406829  -0.149173 -0.233388
0.223325  -0.751874  -0.620332 0.105684 -0.42332  -0.753121  -0.503597 -0.103097
-0.116411  0.611277  -0.782808 0.981067 0.0925322  0.517011  -0.850963 0.97808
0 0 0 1 0 0 0 1
0.948896  -0.315423  -0.0102557 0.290198 0.9276  0.314115  -0.202211 -0.129652
-0.252044  -0.776987  0.576858 -0.15937 0.373573  -0.778991  0.503603 -0.0333463
-0.189923  -0.544794  -0.81678 1.01504 0.000668558  -0.542683  -0.839937 0.940772
0 0 0 1 0 0 0 1
0.975356  0.215999  -0.0449907 0.237962 0.98774  -0.126712  -0.0911789 -0.145432
0.194979  -0.939266  -0.282423 -0.244903 -0.149215  -0.937987  -0.312913 -0.193766
-0.103261  0.266691  -0.958234 1.00005 -0.0458747  0.322682  -0.945395 0.904053
0 0 0 1 0 0 0 1
0.940615  -0.335508  0.0517542 0.0758508 0.906906  0.373419  -0.195139 -0.239685
-0.288217  -0.708699  0.643954 -0.130887 0.414367  -0.706616  0.573581 0.0044039
-0.179373  -0.620629  -0.763312 0.985128 0.0762975  -0.601043  -0.795567 0.799583
0 0 0 1 0 0 0 1
0.863412  -0.379519  0.332393 0.0436454 0.832016  0.527045  -0.173127 -0.294773
-0.479684  -0.413475  0.773913 -0.115536 0.429713  -0.414922  0.801989 -0.170473
-0.156279  -0.82765  -0.539048 0.866477 0.35085  -0.741663  -0.5717 0.949491
0 0 0 1 0 0 0 1
0.946193  -0.299847  -0.121703 0.249088 0.895445  0.333183  -0.29524 -0.119665
-0.168195  -0.77698  0.60664 -0.189647 0.43823  -0.776393  0.452954 0.0902988
-0.27646  -0.553529  -0.785606 1.02598 -0.0783055  -0.534979  -0.841229 0.773449
0 0 0 1 0 0 0 1
0.881076  -0.419399  0.218653 0.112923 0.841972  0.472627  -0.260207 -0.148019
-0.410346  -0.44793  0.79434 -0.0662994 0.484052  -0.448742  0.751215 0.0139521
-0.235204  -0.789597  -0.566759 0.845809 0.238278  -0.758455  -0.606604 0.852638
0 0 0 1 0 0 0 1
0.971065  -0.219196  0.0947991 0.0367432 0.91694  0.390579  -0.0816702 -0.377259
-0.233231  -0.785084  0.5738 -0.180591 0.379128  -0.788946  0.483555 -0.0220684
-0.0513493  -0.579307  -0.81349 1.0181 0.124433  -0.474354  -0.871496 0.930078
0 0 0 1 0 0 0 1
0.83441  0.469822  0.288144 0.189275 0.953959  -0.299932  -0.00175532 -0.150049
0.545705  -0.631005  -0.551397 -0.189456 -0.200379  -0.632946  -0.747816 0.17446
-0.0772383  0.617333  -0.782901 0.829149 0.223183  0.713737  -0.663904 0.932305
0 0 0 1 0 0 0 1
0.970061  -0.219313  0.10432 0.0831894 0.896311  0.433698  -0.092374 -0.333629
-0.235819  -0.747923  0.620484 -0.0863297 0.416131  -0.750723  0.513079 0.102186
-0.0580571  -0.626508  -0.77725 0.970954 0.153174  -0.498317  -0.853357 0.974011
0 0 0 1 0 0 0 1
0.95945  0.262001  0.103974 0.139597 0.943016  -0.325641  -0.0684064 -0.261563
0.276602  -0.804069  -0.526275 -0.0010832 -0.31552  -0.809795  -0.49465 -0.0397189
-0.0542819  0.533694  -0.843934 0.971399 0.105683  0.488046  -0.866396 0.971353
0 0 0 1 0 0 0 1
0.891513  -0.442234  0.0981519 0.121016 0.947064  0.273584  -0.167994 -0.0952816
-0.407763  -0.689051  0.599114 0.153219 0.31511  -0.691977  0.649518 0.0573135
-0.197317  -0.574141  -0.794625 0.882661 0.0614494  -0.668072  -0.741555 0.725116
0 0 0 1 0 0 0 1
0.979273  0.159501  -0.124834 0.354034 0.955953  -0.230926  -0.181183 -0.119983
0.100986  -0.918753  -0.3817 0.252574 -0.276527  -0.915533  -0.292118 0.0711665
-0.175573  0.361182  -0.915817 1.08263 -0.0984211  0.329352  -0.939063 0.941267
0 0 0 1 0 0 0 1
0.960367  0.277745  0.0235308 0.179164 0.931413  -0.326705  -0.160418 -0.14666
0.243199  -0.793674  -0.557616 -0.0934025 -0.362606  -0.794899  -0.48647 -0.22076
-0.136199  0.541238  -0.829766 0.936493 0.0314159  0.511273  -0.858844 0.86801
0 0 0 1 0 0 0 1
0.959626  -0.273771  -0.0645537 0.245619 0.968612  0.187891  -0.162751 -0.088024
-0.224359  -0.883424  0.41137 0.169411 0.238623  -0.886249  0.397016 0.183885
-0.169649  -0.380278  -0.90918 0.978942 -0.0696421  -0.42339  -0.903267 0.821761
0 0 0 1 0 0 0 1
0.959949  -0.232558  0.156253 0.0509198 0.942561  0.333956  0.00727849 -0.360265
-0.279836  -0.823283  0.493859 0.0749253 0.287809  -0.822988  0.489752 0.0826302
0.0137897  -0.517805  -0.855388 0.95624 0.169546  -0.459526  -0.871831 0.986133
0 0 0 1 0 0 0 1
0.953979  0.278668  0.110759 0.00346489 0.864542  -0.469126  -0.180247 -0.313285
0.272892  -0.65365  -0.705883 0.0545643 -0.476128  -0.649791  -0.592515 -0.154639
-0.12431  0.703623  -0.699615 0.927364 0.160842  0.598074  -0.785135 0.843215
0 0 0 1 0 0 0 1
0.918353  0.383457  0.0979251 0.22945 0.898319  -0.384311  -0.212903 -0.0460293
0.340101  -0.638118  -0.69075 -0.0900786 -0.425366  -0.639528  -0.640365 -0.182762
-0.202385  0.667657  -0.716432 0.848763 0.109942  0.665814  -0.737973 0.870859
0 0 0 1 0 0 0 1
0.836568  0.428818  0.340984 0.19828 0.911944  -0.407982  -0.0436894 -0.163579
0.540593  -0.545037  -0.640854 -0.0557051 -0.282377  -0.546775  -0.788226 0.218176
-0.0889609  0.720451  -0.687776 0.814724 0.297694  0.731155  -0.613833 1.00927
0 0 0 1 0 0 0 1
0.915367  -0.388351  0.106242 0.188702 0.989265  0.145424  -0.0144071 -0.194607
-0.39794  -0.832535  0.385395 0.194154 0.130604  -0.835585  0.53361 -0.0844293
-0.0612183  -0.395055  -0.916615 0.95531 0.0655614  -0.529763  -0.845608 0.913714
0 0 0 1 0 0 0 1
0.998664  -0.0516683  -0.000786362 0.210163 0.999586  -0.0279937  -0.00670745 -0.263508
-0.0516725  -0.99864  -0.00693173 0.188852 -0.0276141  -0.998305  0.0512234 0.105997
-0.000427142  0.00696311  -0.999976 1.05113 -0.00813001  -0.0510169  -0.998665 1.01242
0 0 0 1 0 0 0 1
0.998617  -0.0525551  0.00123905 0.294333 0.999387  -0.0303631  -0.0174345 -0.222135
-0.0525463  -0.998599  -0.0062573 0.18893 -0.0294926  -0.998403  0.0481831 0.105888
0.00156617  0.00618354  -0.99998 1.05177 -0.0188696  -0.0476393  -0.998686 1.08901
0 0 0 1 0 0 0 1
0.998491  -0.0532409  -0.0134774 0.0835502 0.999712  -0.024006  0.000766668 -0.328226
-0.0531499  -0.998562  0.00702344 0.189299 -0.0240138  -0.998401  0.0511735 0.106507
-0.0138319  -0.00629652  -0.999885 1.05126 -0.000463031  -0.0511771  -0.998689 0.910098
0 0 0 1 0 0 0 1
0.998473  -0.0552483  -0.000401221 0.252052 0.99956  -0.0238532  0.0176354 -0.243589
-0.0552498  -0.998445  -0.00739234 0.231175 -0.024823  -0.998066  0.0569848 0.147909
7.81732e-06  0.00740322  -0.999973 1.05135 0.016242  -0.0573975  -0.998219 1.05336
0 0 0 1 0 0 0 1
0.998625  0.0522612  0.00402987 0.273056 0.999659  0.0257806  -0.00416155 -0.23269
0.0522593  -0.998633  0.000559614 -0.0842339 0.0255274  -0.9983  -0.0524016 -0.000538785
0.0040536  -0.000348247  -0.999992 1.05094 -0.00550542  0.0522775  -0.998617 1.06956
0 0 0 1 0 0 0 1
0.998516  -0.0537132  0.00903823 0.168185 0.99959  -0.0261975  -0.0115173 -0.286331
-0.0536427  -0.998529  -0.00786533 0.146984 -0.0257067  -0.998834  0.0408741 0.0633599
0.00944741  0.00736882  -0.999928 1.05083 -0.0125747  -0.0405613  -0.999098 0.980263
0 0 0 1 0 0 0 1
0.998535  -0.0540513  -0.00245208 0.0838756 0.999705  -0.0220155  0.0102294 -0.328347
-0.0540426  -0.998533  0.00347947 0.105152 -0.0225634  -0.998122  0.0569566 0.0221425
-0.00263655  -0.00334186  -0.999991 1.05168 0.00895624  -0.0571706  -0.998324 0.910975
0 0 0 1 0 0 0 1
0.998674  0.0506869  -0.00900928 0.104714 0.99967  0.0255567  0.00275851 -0.317492
0.0506959  -0.998714  0.000775851 0.0841157 0.0256657  -0.998316  -0.0520299 0.166638
-0.00895837  -0.00123156  -0.999959 1.05008 0.00142415  0.0520835  -0.998642 0.927152
0 0 0 1 0 0 0 1
0.998592  0.0525962  0.00691942 0.14724 0.999742  0.0226915  0.000755997 -0.296127
0.052638  -0.998596  -0.00600903 0.125752 0.0227003  -0.998413  -0.0515355 0.209025
0.00659365  0.0063648  -0.999958 1.05123 -0.000414619  0.0515394  -0.998671 0.961018
0 0 0 1 0 0 0 1
0.998624  0.0523035  0.00376465 0.189703 0.999655  0.0262268  -0.00149472 -0.27516
0.0522966  -0.99863  0.00189511 0.000148683 0.0261386  -0.998739  -0.0428616 0.0832465
0.00385861  -0.00169562  -0.999991 1.05283 -0.00261696  0.0428078  -0.99908 0.998982
0 0 0 1 0 0 0 1
0.998699  -0.0508563  0.00372928 0.210615 0.999641  -0.0267788  4.77108e-05 -0.264046
-0.0507831  -0.998554  -0.0176236 0.104645 -0.0267459  -0.998322  0.0513687 0.0220551
0.00462016  0.0174113  -0.999838 1.0514 -0.00132796  -0.0513515  -0.99868 1.01643
0 0 0 1 0 0 0 1
0.998557  0.0532522  -0.00698713 0.188915 0.999716  0.023768  0.00154531 -0.276181
0.0532765  -0.998574  0.00334001 0.168382 0.0238117  -0.998853  -0.0415518 0.251933
-0.0067993  -0.00370744  -0.99997 1.05288 0.000555935  0.0415768  -0.999135 1.00202
0 0 0 1 0 0 0 1
0.998595  0.0529253  0.0028074 0.189819 0.999579  0.0285194  -0.00532305 -0.275962
0.0529364  -0.99859  -0.00403976 0.0836701 0.0283168  -0.99899  -0.0348804 0.167562
0.00258963  0.00418269  -0.999988 1.05146 -0.00631244  0.0347149  -0.999377 1.00054
0 0 0 1 0 0 0 1
0.998712  0.0504997  0.00493256 0.273857 0.999625  0.027368  -0.000674382 -0.233551
0.0505075  -0.998723  -0.00147499 -0.21049 0.0273061  -0.998521  -0.0470188 -0.126943
0.00485178  0.00172222  -0.999987 1.05163 -0.00196019  0.0469827  -0.998894 1.07321
0 0 0 1 0 0 0 1
0.998513  -0.0540522  0.00710636 0.0842059 0.999715  -0.0238124  0.00186172 -0.328409
-0.0541183  -0.99849  0.00947051 -0.0623313 -0.0238798  -0.998085  0.0570587 -0.145925
0.00658373  -0.00984101  -0.99993 1.05053 0.000499459  -0.0570868  -0.998369 0.910188
0 0 0 1 0 0 0 1
0.998529  -0.0535233  0.00869963 0.126132 0.999639  -0.0260848  0.00644579 -0.306958
-0.053519  -0.998567  -0.00073035 -0.021062 -0.0263235  -0.998843  0.0402403 -0.104179
0.00872625  0.00026368  -0.999962 1.04979 0.00538867  -0.0403955  -0.999169 0.945164
0 0 0 1 0 0 0 1
0.998722  0.0504568  0.00286816 0.0631525 0.999595  0.0284379  0.000796056 -0.338863
0.0504547  -0.998726  0.000780871 0.0418026 0.0284418  -0.998317  -0.0505364 0.125208
0.0029039  -0.000635161  -0.999996 1.05042 -0.000642433  0.0505386  -0.998722 0.892038
0 0 0 1 0 0 0 1
0.998581  0.0518429  -0.0121509 0.147177 0.999607  0.0253661  -0.0119444 -0.295829
0.0519344  -0.998624  0.00733772 0.0428659 0.0246854  -0.998233  -0.0540466 0.124601
-0.0117538  -0.00795836  -0.999899 1.05183 -0.0132943  0.0537305  -0.998467 0.960965
0 0 0 1 0 0 0 1
0.998584  0.0531983  0.000885669 0.147698 0.9996  0.0268684  -0.00885777 -0.29678
0.0532044  -0.998538  -0.00956918 -0.0422708 0.0264573  -0.998696  -0.0436503 0.0411488
0.000375309  0.00960275  -0.999954 1.05105 -0.010019  0.0433985  -0.999008 0.963078
0 0 0 1 0 0 0 1
0.998612  -0.0520098  -0.00829926 0.12608 0.999718  -0.0233691  -0.00417067 -0.307471
-0.0519389  -0.998614  0.00854513 -0.105286 -0.0231276  -0.998443  0.050765 -0.188351
-0.00873219  -0.00810222  -0.999929 1.05183 -0.00535051  -0.0506543  -0.998702 0.946787
0 0 0 1 0 0 0 1
0.998045  0.0543761  0.030824 0.105336 0.999578  0.0290286  -0.000460072 -0.31702
0.0546121  -0.998484  -0.00686544 -0.000245737 0.0289775  -0.998542  -0.0455395 0.0826754
0.030404  0.00853538  -0.999501 1.04904 -0.00178135  0.045507  -0.998962 0.927373
0 0 0 1 0 0 0 1
0.998732  0.0502097  0.00357895 0.0633843 0.999734  0.0230362  0.00138833 -0.338828
0.0501655  -0.998674  0.0115364 -0.0412939 0.023077  -0.998434  -0.0509517 0.0406217
0.00415345  -0.0113423  -0.999927 1.05162 0.000212423  0.0509702  -0.9987 0.891191
0 0 0 1 0 0 0 1
0.998704  0.0508833  -0.00113734 0.23128 0.999563  0.028114  0.00917762 -0.255186
0.0508919  -0.998657  0.0096881 -0.126034 0.0283969  -0.999075  -0.0323036 -0.0429478
-0.000642849  -0.00973342  -0.999952 1.05223 0.00826095  0.0325501  -0.999436 1.03915
0 0 0 1 0 0 0 1
0.998672  0.050212  0.0115693 0.18961 0.999581  0.0254317  0.0138095 -0.275062
0.0501302  -0.998716  0.00725897 -0.0843725 0.0261258  -0.998271  -0.0526491 -0.00126435
0.0119189  -0.00666935  -0.999907 1.05193 0.0124467  0.0529878  -0.998518 1.00038
0 0 0 1 0 0 0 1
0.998609  -0.0514977  -0.011341 0.0835305 0.999641  -0.0267817  -0.00104521 -0.32871
-0.0514611  -0.998669  0.00349037 0.0211799 -0.0267118  -0.998713  0.0431172 -0.0618998
-0.0115056  -0.00290189  -0.99993 1.0512 -0.00219862  -0.0430738  -0.999069 0.909493
0 0 0 1 0 0 0 1
0.998504  0.0540563  -0.00820277 0.105233 0.999646  0.0264322  0.0029583 -0.317878
0.0540076  -0.998522  -0.00605673 -0.0837649 0.0265345  -0.998735  -0.0427049 -0.00104817
-0.00851805  0.00560466  -0.999948 1.05192 0.00182577  0.0427683  -0.999083 0.927625
0 0 0 1 0 0 0 1
0.998539  -0.0540234  0.00134998 0.336771 0.999691  -0.0246708  0.00308507 -0.202161
-0.0540335  -0.998498  0.00907515 -0.0205987 -0.024798  -0.998335  0.0520791 -0.103733
0.000857677  -0.00913483  -0.999958 1.05262 0.0017951  -0.0521395  -0.998638 1.12791
0 0 0 1 0 0 0 1
0.998568  0.0522556  -0.0114411 0.0629689 0.99966  0.025574  -0.00501283 -0.338403
0.0523866  -0.998561  0.0114643 -0.210406 0.0253282  -0.998704  -0.0441366 -0.127076
-0.0108256  -0.0120472  -0.999869 1.05277 -0.00613508  0.0439946  -0.999013 0.889853
0 0 0 1 0 0 0 1
0.998666  0.051644  0.000301224 0.231051 0.99967  0.0255122  -0.00295304 -0.25519
0.0516348  -0.998569  0.013888 0.0423991 0.0253749  -0.998888  -0.0397343 0.125232
0.00101802  -0.0138539  -0.999904 1.05136 -0.00396346  0.0396463  -0.999206 1.03671
0 0 0 1 0 0 0 1
0.998625  0.0524171  -0.00033905 0.0630892 0.999644  0.026695  7.73973e-06 -0.338012
0.0524164  -0.998624  -0.00183237 -0.126305 0.0266689  -0.998654  -0.0444896 -0.0431235
-0.000434631  0.00181208  -0.999998 1.05129 -0.00117992  0.0444739  -0.99901 0.8901
0 0 0 1 0 0 0 1
0.998593  -0.052944  -0.00303779 0.3364 0.999654  -0.0246421  0.00921179 -0.201365
-0.052943  -0.998597  0.000406252 0.104515 -0.0250055  -0.998818  0.0416714 0.0218675
-0.00305503  -0.000244851  -0.999995 1.05155 0.00817403  -0.0418874  -0.999089 1.12545
0 0 0 1 0 0 0 1
0.998606  0.0520147  0.00899777 0.147292 0.999609  0.0278056  -0.00299089 -0.296684
0.0519448  -0.998619  0.00784204 -0.126256 0.0276237  -0.998392  -0.0495042 -0.0433175
0.00939325  -0.00736372  -0.999929 1.0518 -0.00436257  0.0494022  -0.998769 0.9634
0 0 0 1 0 0 0 1
0.998551  0.0536578  0.00407317 0.231094 0.99961  0.0261579  0.00973804 -0.254866
0.0536618  -0.998559  -0.000873675 -0.0419703 0.0265193  -0.998885  -0.0390458 0.0410899
0.00402042  0.00109098  -0.999991 1.05 0.00870583  0.0392889  -0.99919 1.0378
0 0 0 1 0 0 0 1
0.998688  -0.0497161  0.0123067 0.167947 0.999555  -0.0280443  -0.0101367 -0.285697
-0.0497897  -0.998743  0.00575168 0.0629912 -0.0275224  -0.998449  0.0483986 -0.0199478
0.0120052  -0.00635688  -0.999908 1.04917 -0.0114783  -0.0480981  -0.998777 0.979327
0 0 0 1 0 0 0 1
0.998576  0.0530225  0.00587573 0.314971 0.999538  0.0260973  0.0155485 -0.213147
0.0530466  -0.998584  -0.00403089 -0.125981 0.0269016  -0.998179  -0.0539836 -0.0435409
0.00565368  0.00433684  -0.999975 1.04952 0.0141113  0.054377  -0.998421 1.11136
0 0 0 1 0 0 0 1
0.998693  -0.0500135  -0.0105792 0.252749 0.999673  -0.0254545  -0.00243865 -0.243808
-0.0499958  -0.998748  0.00192644 0.0215909 -0.0252904  -0.998286  0.0527826 -0.0621437
-0.0106623  -0.001395  -0.999942 1.05256 -0.00377802  -0.0527037  -0.998603 1.05457
0 0 0 1 0 0 0 1
0.998725  0.0501686  0.0056489 0.315502 0.999678  0.0253605  -0.000447186 -0.212525
0.0501946  -0.998729  -0.0045571 -0.0417305 0.0253094  -0.998514  -0.048272 0.0408706
0.00541309  0.00483483  -0.999974 1.05154 -0.00167072  0.0482451  -0.998834 1.10781
0 0 0 1 0 0 0 1
0.998648  0.0518186  0.0042286 0.23125 0.999612  0.0273001  0.00558187 -0.254923
0.0518037  -0.998651  0.0035639 0.126221 0.0275412  -0.998419  -0.0489976 0.209837
0.00440758  -0.00334002  -0.999985 1.05137 0.00423541  0.0491323  -0.998783 1.03751
0 0 0 1 0 0 0 1
0.998476  0.0548839  0.00585523 0.105125 0.999707  0.0241896  -0.000956203 -0.317519
0.0549021  -0.998487  -0.00300909 -0.252539 0.0240992  -0.998165  -0.0555569 -0.168822
0.00568122  0.00332597  -0.999978 1.05163 -0.00229835  0.0555176  -0.998455 0.925263
0 0 0 1 0 0 0 1
0.998681  -0.0513411  -0.000520301 0.29428 0.999583  -0.0277702  0.00791801 -0.223884
-0.0513434  -0.998661  -0.00625156 -0.0630952 -0.0280625  -0.998823  0.0395565 -0.147073
-0.000198642  0.00627003  -0.99998 1.05153 0.0068102  -0.0397622  -0.999186 1.09367
0 0 0 1 0 0 0 1
0.998557  0.0532584  -0.00685034 0.272853 0.999705  0.0241055  0.00303238 -0.233666
0.0533485  -0.998482  0.0137152 0.000563031 0.0242239  -0.99854  -0.0482901 0.0824437
-0.00610948  -0.0140609  -0.999882 1.05024 0.00186389  0.0483493  -0.998829 1.07094
0 0 0 1 0 0 0 1
0.998648  -0.0519738  -0.000423156 0.294609 0.999508  -0.0267029  0.0164661 -0.223051
-0.0519735  -0.998648  0.000548646 0.0635028 -0.02749  -0.998391  0.0495856 -0.0198236
-0.000451099  -0.000525912  -1 1.05152 0.0151156  -0.0500139  -0.998634 1.09208
0 0 0 1 0 0 0 1
0.998604  -0.0528145  0.0011783 0.126223 0.999669  -0.0256333  -0.00206869 -0.307179
-0.0528125  -0.998603  -0.00166771 0.230705 -0.0254917  -0.998331  0.0518286 0.14821
0.00126474  0.00160315  -0.999998 1.04997 -0.00339378  -0.0517587  -0.998654 0.946141
0 0 0 1 0 0 0 1
0.960463  0.235264  0.14887 -0.0166035 0.938583  -0.344845  -0.0119823 -0.337597
0.278404  -0.814491  -0.509015 -0.226708 -0.304442  -0.811272  -0.499152 -0.255629
0.00149996  0.530336  -0.847786 0.904862 0.162409  0.472144  -0.866432 0.887905
0 0 0 1 0 0 0 1
0.941462  0.336861  -0.0131618 0.25545 0.855169  -0.421722  -0.301392 -0.0960482
0.222544  -0.650346  -0.726309 0.0844387 -0.516915  -0.650599  -0.556344 -0.222259
-0.253225  0.680863  -0.687242 0.934922 0.0385374  0.631562  -0.774367 0.8581
0 0 0 1 0 0 0 1
0.969462  -0.162212  0.183931 0.0188841 0.962227  0.254548  0.0965601 -0.429914
-0.219445  -0.908619  0.355323 0.225509 0.203928  -0.908882  0.363796 0.21362
0.109485  -0.384835  -0.916469 0.966787 0.180365  -0.330363  -0.92646 1.02755
0 0 0 1 0 0 0 1
0.986911  0.135171  0.0879499 0.170032 0.953388  -0.301666  0.0070438 -0.319323
0.159655  -0.895824  -0.414741 0.0370521 -0.279156  -0.890629  -0.35896 -0.0884985
0.0227268  0.423354  -0.905679 1.00743 0.11456  0.340262  -0.933326 1.07188
0 0 0 1 0 0 0 1
0.881137  0.407429  0.239998 0.135174 0.944783  -0.326087  -0.0324493 -0.205852
0.467744  -0.67653  -0.568791 -0.13465 -0.258131  -0.679558  -0.686709 0.0866504
-0.0693762  0.61344  -0.786688 0.873891 0.201875  0.657167  -0.726208 0.934803
0 0 0 1 0 0 0 1
0.903971  0.427584  -0.00275387 0.265362 0.974437  -0.158389  -0.159326 -0.0341789
0.375642  -0.797202  -0.472613 -0.191592 -0.221458  -0.796491  -0.562635 -0.0274529
-0.204277  0.426194  -0.881266 0.939761 -0.0377865  0.583537  -0.811207 0.778369
0 0 0 1 0 0 0 1
0.89684  0.435722  0.0763156 0.215197 0.971309  -0.204956  -0.120635 -0.0655893
0.410406  -0.755214  -0.511095 -0.218976 -0.235372  -0.755808  -0.611027 -0.0361323
-0.165061  0.489691  -0.856129 0.896603 0.0340566  0.62189  -0.782364 0.805406
0 0 0 1 0 0 0 1
0.902496  0.398919  0.162374 0.260242 0.963058  -0.26542  -0.0455199 -0.0986827
0.422322  -0.745654  -0.515407 -0.205489 -0.234876  -0.745196  -0.624112 -0.00824331
-0.0845307  0.533726  -0.841422 0.87425 0.13173  0.611747  -0.780008 0.977813
0 0 0 1 0 0 0 1
0.919922  -0.366735  0.13874 0.155514 0.902369  0.398422  -0.164286 -0.208674
-0.359402  -0.647194  0.672288 -0.112355 0.402868  -0.644458  0.649901 -0.0696217
-0.15676  -0.668316  -0.727173 0.948512 0.153059  -0.652637  -0.74205 0.930334
0 0 0 1 0 0 0 1
0.878416  -0.460461  0.127909 0.234953 0.915507  0.340024  -0.215011 -0.0585024
-0.414143  -0.5999  0.684548 -0.0293326 0.386938  -0.59795  0.701951 -0.0583711
-0.238475  -0.654291  -0.717658 0.902677 0.110115  -0.725837  -0.678996 0.844662
0 0 0 1 0 0 0 1
0.98101  -0.142289  0.131804 0.0478212 0.924551  0.381046  0.00316199 -0.420335
-0.189879  -0.843152  0.503031 -0.0642037 0.345791  -0.84244  0.413187 0.101236
0.0395551  -0.518505  -0.854159 0.99929 0.160107  -0.380919  -0.910641 1.02527
0 0 0 1 0 0 0 1
0.923041  0.355729  0.146464 0.114535 0.949938  -0.306596  -0.0601294 -0.183435
0.375181  -0.748231  -0.547165 -0.215677 -0.280787  -0.753345  -0.594668 -0.119228
-0.0850541  0.560006  -0.824111 0.874266 0.137025  0.581781  -0.80172 0.884322
0 0 0 1 0 0 0 1
0.914435  -0.343277  0.214404 0.072822 0.949671  0.313198  0.00570486 -0.306312
-0.404427  -0.75443  0.516985 0.102575 0.245213  -0.754613  0.60863 -0.0636862
-0.0157163  -0.55946  -0.828708 0.927801 0.194927  -0.576599  -0.793434 0.956083
0 0 0 1 0 0 0 1
0.891377  -0.318419  0.322577 -0.000775095 0.888655  0.458573  -0.0017761 -0.410938
-0.45326  -0.624318  0.636225 0.00361383 0.324162  -0.625435  0.709754 -0.13406
-0.00119542  -0.713328  -0.700829 0.900196 0.324363  -0.631302  -0.704447 1.00098
0 0 0 1 0 0 0 1
0.865618  -0.446566  0.22646 0.0842892 0.913459  0.380931  -0.143122 -0.151889
-0.469749  -0.56773  0.676031 0.0791688 0.351976  -0.563116  0.747672 -0.0418383
-0.173324  -0.691564  -0.701212 0.848568 0.204217  -0.733343  -0.648462 0.804549
0 0 0 1 0 0 0 1
0.851954  -0.494469  0.172265 0.173988 0.956988  0.264816  -0.118513 -0.0844678
-0.490248  -0.637693  0.594141 0.124921 0.266033  -0.637982  0.722638 -0.109617
-0.183933  -0.590634  -0.785698 0.873388 0.115757  -0.723085  -0.680991 0.783133
0 0 0 1 0 0 0 1
0.960266  -0.169399  0.221795 0.0638245 0.961842  0.225424  0.155062 -0.496704
-0.235233  -0.918928  0.316603 0.00929259 0.157171  -0.919121  0.361267 -0.0745909
0.150181  -0.356196  -0.922263 1.00351 0.223959  -0.323111  -0.919479 1.14908
0 0 0 1 0 0 0 1
0.987817  -0.116665  -0.102991 0.262067 0.99201  0.059469  -0.11126 -0.14079
-0.100615  -0.983669  0.149238 0.176425 0.0767055  -0.984504  0.157695 0.154231
-0.11872  -0.137058  -0.983423 1.0426 -0.100158  -0.164969  -0.9812 0.882599
0 0 0 1 0 0 0 1
0.924397  -0.350694  0.150013 0.0381041 0.81633  0.509795  -0.271503 -0.258409
-0.32016  -0.499598  0.804922 -0.120804 0.537289  -0.497749  0.680857 0.106345
-0.207335  -0.792095  -0.574105 0.895806 0.211957  -0.70168  -0.680235 0.841106
0 0 0 1 0 0 0 1
0.895284  0.418692  0.152198 0.26368 0.972593  -0.226443  -0.0527949 -0.130033
0.436689  -0.757184  -0.485773 -0.0976743 -0.208438  -0.748482  -0.629547 0.141049
-0.0881476  0.501368  -0.860732 0.930959 0.10304  0.623297  -0.775167 0.966102
0 0 0 1 0 0 0 1
0.934648  -0.313144  0.168446 -0.0241213 0.913589  0.396376  -0.090778 -0.320501
-0.347216  -0.70165  0.622197 0.0555165 0.365477  -0.702521  0.610648 0.0741729
-0.0766474  -0.640022  -0.764524 0.91933 0.178273  -0.591058  -0.786682 0.840047
0 0 0 1 0 0 0 1
0.944373  -0.264022  0.196089 0.136484 0.969298  0.227643  0.0929502 -0.363726
-0.320665  -0.871617  0.370753 0.0751574 0.160021  -0.871014  0.464465 -0.0922536
0.0730276  -0.413008  -0.907795 0.97661 0.186693  -0.435331  -0.8807 1.09775
0 0 0 1 0 0 0 1
0.974592  -0.106132  -0.197247 0.351758 0.975686  -0.0990646  -0.195508 -0.0786954
-0.115123  -0.992747  -0.0346536 0.221407 -0.0837455  -0.992843  0.085144 0.0121323
-0.192139  0.0564808  -0.979741 1.0803 -0.202544  -0.0667009  -0.976999 0.81908
0 0 0 1 0 0 0 1
0.964094  -0.2479  0.095223 0.0202046 0.951206  0.306811  -0.0327768 -0.372153
-0.262416  -0.834318  0.48482 -0.108066 0.285171  -0.833573  0.47311 -0.0870361
-0.0407408  -0.492401  -0.869415 1.01848 0.117833  -0.459372  -0.880393 0.910652
0 0 0 1 0 0 0 1
0.928798  0.356848  0.0999636 0.113897 0.926191  -0.346019  -0.149805 -0.149248
0.339018  -0.709245  -0.618093 -0.121474 -0.363127  -0.711572  -0.601502 -0.145227
-0.149667  0.607973  -0.779724 0.884767 0.101534  0.611503  -0.7847 0.818662
0 0 0 1 0 0 0 1
0.953061  0.285334  -0.101291 0.227926 0.883152  -0.366663  -0.292576 -0.140882
0.160081  -0.758813  -0.63133 0.183606 -0.465754  -0.759634  -0.453905 -0.134336
-0.257  0.585481  -0.768871 1.01283 -0.0558207  0.537135  -0.841647 0.785847
0 0 0 1 0 0 0 1
0.888997  0.373284  0.265223 0.186002 0.963666  -0.252996  0.0856789 -0.313498
0.455818  -0.776719  -0.43467 -0.0809162 -0.150404  -0.779026  -0.608685 0.237648
0.0437481  0.507314  -0.86065 0.931898 0.220741  0.573683  -0.788772 1.10249
0 0 0 1 0 0 0 1
0.993794  0.0986611  0.0513838 0.17884 0.982352  -0.186439  0.0149698 -0.317294
0.108805  -0.95824  -0.264456 0.125292 -0.179061  -0.96056  -0.212748 0.0492801
0.0231465  0.268405  -0.963028 1.04376 0.054044  0.206313  -0.976992 1.05872
0 0 0 1 0 0 0 1
0.896954  -0.375463  0.233454 0.115244 0.855669  0.482758  -0.186479 -0.236219
-0.410387  -0.510591  0.755566 -0.119965 0.448135  -0.510944  0.733561 -0.0849909
-0.164488  -0.773514  -0.612062 0.896992 0.258852  -0.711253  -0.65354 0.956314
0 0 0 1 0 0 0 1
0.895755  -0.383488  0.224854 -0.0563855 0.826557  0.506725  -0.245018 -0.28814
-0.39374  -0.449593  0.80177 -0.0623614 0.496379  -0.451023  0.741745 0.0451227
-0.206377  -0.806724  -0.55372 0.863092 0.265352  -0.734716  -0.624324 0.775521
0 0 0 1 0 0 0 1
0.930367  -0.327457  0.164892 0.0905464 0.879159  0.450665  -0.154855 -0.198216
-0.344157  -0.624987  0.700677 0.0707352 0.435262  -0.627162  0.645921 0.169297
-0.126386  -0.708635  -0.694164 0.849665 0.193975  -0.63527  -0.747533 0.892381
0 0 0 1 0 0 0 1
0.888838  -0.303429  0.343364 0.0266366 0.920324  0.373047  0.117642 -0.452351
-0.447258  -0.737434  0.506114 0.133381 0.214917  -0.733541  0.64477 -0.111276
0.0996384  -0.603425  -0.79117 0.899579 0.326824  -0.568114  -0.755269 1.07463
0 0 0 1 0 0 0 1
0.964591  -0.176456  0.196031 0.0590386 0.961974  0.252905  0.103178 -0.488967
-0.238305  -0.901584  0.36105 -0.206043 0.19523  -0.900818  0.387831 -0.25028
0.113029  -0.394981  -0.91171 1.0422 0.191029  -0.35294  -0.915937 1.11398
0 0 0 1 0 0 0 1
0.918425  -0.374095  0.128641 0.0979195 0.836411  0.477189  -0.269642 -0.20818
-0.324941  -0.52792  0.784674 -0.13632 0.517496  -0.525438  0.675361 0.0687996
-0.225631  -0.762465  -0.606414 0.911115 0.180595  -0.704419  -0.686425 0.846652
0 0 0 1 0 0 0 1
0.97185  0.229888  -0.051572 0.335973 0.921141  -0.338587  -0.191987 -0.138024
0.164499  -0.818801  -0.550004 0.197724 -0.388859  -0.82207  -0.415921 -0.0383463
-0.168667  0.526038  -0.833568 1.03652 -0.0170012  0.457777  -0.888904 0.993253
0 0 0 1 0 0 0 1
0.92539  -0.315354  0.210248 0.0391131 0.945048  0.326755  0.0107734 -0.328959
-0.378996  -0.764368  0.521635 0.141054 0.25768  -0.764741  0.590569 0.0108088
-0.00379268  -0.562399  -0.826857 0.916485 0.20121  -0.55534  -0.806915 0.946812
0 0 0 1 0 0 0 1
0.981016  -0.178127  0.0766708 0.0411992 0.981764  0.188897  0.0213926 -0.36411
-0.193359  -0.928685  0.316474 0.0136218 0.171973  -0.930449  0.323559 -0.00691488
0.0148304  -0.325291  -0.945498 1.0215 0.081024  -0.313979  -0.945966 0.927741
0 0 0 1 0 0 0 1
0.987511  0.0378609  0.152936 0.105976 0.980031  -0.104795  0.168988 -0.488159
0.058568  -0.98935  -0.133251 0.252578 -0.0867193  -0.990027  -0.111027 0.224368
0.146262  0.140544  -0.979211 1.05007 0.178937  0.0941554  -0.979345 1.18052
0 0 0 1 0 0 0 1
0.918921  0.335039  0.208165 0.157183 0.982654  0.0294599  0.183093 -0.455973
0.361068  -0.926946  -0.101985 -0.187709 0.0939563  -0.930295  -0.354574 0.291771
0.158788  0.168878  -0.972762 1.00887 0.159885  0.365627  -0.916926 1.13561
0 0 0 1 0 0 0 1
0.922828  -0.322275  0.211015 0.141078 0.981362  0.141374  0.130159 -0.387684
-0.37424  -0.879874  0.292859 0.101276 0.0645027  -0.880366  0.469889 -0.223412
0.0912853  -0.349228  -0.932581 0.984369 0.181018  -0.452736  -0.873077 1.09583
0 0 0 1 0 0 0 1
0.937378  -0.348227  0.00778734 0.257052 0.892386  0.374334  -0.252034 -0.122804
-0.262294  -0.690995  0.673593 -0.167303 0.449728  -0.691531  0.56527 0.0317544
-0.229182  -0.633454  -0.739061 0.987239 0.03731  -0.617786  -0.785461 0.885275
0 0 0 1 0 0 0 1
0.994156  -0.107506  0.00983003 0.260884 0.999309  -0.0368596  0.00482414 -0.245401
-0.107622  -0.994118  0.0121254 -0.114397 -0.0371614  -0.993897  0.103863 -0.266151
0.00846865  -0.0131124  -0.999878 1.04713 0.000966365  -0.10397  -0.99458 1.06694
0 0 0 1 0 0 0 1
0.88107  0.387189  0.271661 -0.0217093 0.913392  -0.401375  -0.0679197 -0.280159
0.465884  -0.611273  -0.639764 -0.145502 -0.322044  -0.610404  -0.723667 0.00639499
-0.081651  0.690239  -0.71896 0.846471 0.249003  0.682865  -0.686799 0.827924
0 0 0 1 0 0 0 1
0.953077  -0.299855  -0.041606 0.286467 0.908568  0.341391  -0.24074 -0.0683196
-0.214956  -0.767096  0.604448 0.00453487 0.417243  -0.769647  0.483273 0.216986
-0.213163  -0.567142  -0.795557 0.958399 -0.0202994  -0.539533  -0.84172 0.863087
0 0 0 1 0 0 0 1
0.905784  0.414473  0.0881376 0.142123 0.970325  -0.221541  -0.0969005 -0.158627
0.399853  -0.767181  -0.501548 -0.10886 -0.234448  -0.763849  -0.601306 0.06342
-0.140261  0.489536  -0.860628 0.943425 0.0591966  0.606181  -0.793121 0.803343
0 0 0 1 0 0 0 1
0.962116  -0.196749  0.188741 0.048916 0.979175  0.165714  0.117281 -0.445593
-0.244551  -0.928812  0.278393 0.119051 0.116467  -0.931693  0.34407 -0.0136328
0.120532  -0.314003  -0.94174 0.99799 0.166287  -0.323245  -0.931591 1.05982
0 0 0 1 0 0 0 1
0.886476  0.374815  0.27143 0.102306 0.891615  -0.443894  -0.0893346 -0.189853
0.451751  -0.573622  -0.683285 -0.106088 -0.359368  -0.57371  -0.736011 -0.0150063
-0.100407  0.728335  -0.677825 0.807481 0.275459  0.688343  -0.671049 0.930911
0 0 0 1 0 0 0 1
0.879354  -0.352066  0.320601 -0.0102158 0.879733  0.471533  -0.0610398 -0.372453
-0.472503  -0.56179  0.679067 -0.0275315 0.352559  -0.560789  0.749145 -0.151603
-0.0589659  -0.748626  -0.660365 0.893705 0.319016  -0.680568  -0.659588 0.943325
0 0 0 1 0 0 0 1
0.938373  0.283743  0.19735 0.0906191 0.973541  -0.215072  0.0772185 -0.356424
0.33914  -0.865996  -0.36747 -0.208489 -0.154094  -0.867398  -0.473156 -0.0111972
0.0666372  0.411754  -0.908856 0.951169 0.168742  0.448737  -0.877588 1.02757
0 0 0 1 0 0 0 1
0.937372  0.2833  0.202669 0.051288 0.918074  -0.395538  -0.0262594 -0.285991
0.347876  -0.731699  -0.586173 -0.180205 -0.332524  -0.732365  -0.594196 -0.159011
-0.0177702  0.619966  -0.784427 0.864413 0.215796  0.554247  -0.803892 0.949872
0 0 0 1 0 0 0 1
0.94936  -0.280032  0.14247 0.0726852 0.931475  0.359649  -0.0548302 -0.25114
-0.310733  -0.769739  0.557626 0.169611 0.329041  -0.768551  0.54869 0.188228
-0.0464882  -0.573658  -0.817775 0.890927 0.155196  -0.529133  -0.834226 0.914173
0 0 0 1 0 0 0 1
0.993089  0.117193  0.00637231 0.260655 0.990558  -0.135417  -0.0214011 -0.196142
0.115583  -0.967127  -0.226507 -0.248353 -0.13689  -0.968359  -0.208668 -0.275704
-0.0203823  0.225678  -0.973989 1.00734 0.00753327  0.209627  -0.977752 1.03401
0 0 0 1 0 0 0 1
0.953932  -0.281838  0.10286 0.0913318 0.953159  0.297171  -0.0563732 -0.255883
-0.294581  -0.814871  0.499206 0.0875377 0.284457  -0.817326  0.501061 0.0810706
-0.0568773  -0.506509  -0.860356 0.951773 0.102826  -0.493626  -0.863574 0.900238
0 0 0 1 0 0 0 1
0.889287  -0.385649  0.245853 0.0241053 0.836427  0.501615  -0.220844 -0.274093
-0.415182  -0.455278  0.78762 -0.130749 0.471365  -0.452774  0.756842 -0.0689888
-0.191814  -0.802494  -0.564988 0.892131 0.279651  -0.737141  -0.615157 0.866147
0 0 0 1 0 0 0 1
0.975575  0.218275  -0.0246987 0.106387 0.944128  -0.294349  -0.148262 -0.235303
0.179367  -0.856449  -0.484069 0.0712243 -0.329368  -0.85879  -0.392424 -0.0884004
-0.126813  0.467815  -0.874681 1.00884 -0.0118164  0.419331  -0.907757 0.81036
0 0 0 1 0 0 0 1
0.937904  -0.345793  -0.0276255 0.295531 0.981584  0.133923  -0.136223 -0.0861204
-0.309282  -0.86962  0.384845 0.0738849 0.182604  -0.867238  0.463199 -0.0610481
-0.1571  -0.352403  -0.922568 1.00237 -0.056105  -0.479544  -0.875722 0.871302
0 0 0 1 0 0 0 1
0.884512  -0.348135  0.31055 0.0659719 0.912948  0.407875  0.0127701 -0.343135
-0.46648  -0.651483  0.598303 0.0514258 0.282403  -0.654075  0.701737 -0.146278
-0.00597184  -0.674071  -0.738642 0.887063 0.294574  -0.637043  -0.712322 1.01554
0 0 0 1 0 0 0 1
0.999982  0.000347515  0.00597681 0.199068 0.99944  -0.0326634  -0.00721276 -0.264656
0.00059622  -0.999132  -0.0416604 -0.17844 -0.0327763  -0.999333  -0.0161293 -0.215588
0.00595714  0.0416632  -0.999114 1.03993 -0.00668111  0.0163567  -0.999844 1.00902
0 0 0 1 0 0 0 1
0.951477  0.235841  0.19766 0.0185547 0.948108  -0.313722  0.0516658 -0.406922
0.302962  -0.830459  -0.467496 -0.106008 -0.249603  -0.835071  -0.49026 -0.050865
0.0538937  0.504695  -0.861614 0.952115 0.19695  0.451924  -0.870043 0.999483
0 0 0 1 0 0 0 1
0.887599  -0.460254  0.0182912 0.236272 0.895444  0.317305  -0.312246 0.00646429
-0.337092  -0.621994  0.706747 0.0242428 0.445073  -0.623194  0.64307 0.135214
-0.313906  -0.633474  -0.70723 0.889142 0.00945956  -0.714805  -0.69926 0.709635
0 0 0 1 0 0 0 1
0.971974  -0.20203  0.120209 0.198289 0.95454  0.29801  0.00661652 -0.315743
-0.23475  -0.861491  0.450251 -0.131502 0.266308  -0.862548  0.430222 -0.0992986
0.0125946  -0.465851  -0.884773 1.01438 0.133918  -0.408902  -0.902699 1.11237
0 0 0 1 0 0 0 1
0.929385  -0.349722  0.118059 0.0626902 0.971494  0.234104  -0.0373445 -0.265143
-0.363211  -0.809527  0.461242 0.107011 0.215861  -0.808441  0.547565 -0.0455391
-0.0657349  -0.471552  -0.879385 0.958737 0.0979964  -0.540017  -0.83593 0.847027
0 0 0 1 0 0 0 1
0.987831  -0.0739005  0.136849 0.0396192 0.988784  0.0984651  0.112294 -0.450627
-0.0944621  -0.984096  0.150439 0.235704 0.0800089  -0.984124  0.158426 0.22366
0.123555  -0.161536  -0.979102 1.01798 0.12611  -0.147665  -0.980964 1.04951
0 0 0 1 0 0 0 1
0.970137  -0.219424  -0.103377 0.322254 0.992032  -0.0917395  -0.0863526 -0.138367
-0.215602  -0.975352  0.0469438 0.237715 -0.0728057  -0.976811  0.201345 -0.0616541
-0.111129  -0.0232537  -0.993534 1.05403 -0.102821  -0.193453  -0.975707 0.922368
0 0 0 1 0 0 0 1
0.944752  -0.315372  0.0893499 0.1478 0.906497  0.389707  -0.162456 -0.216605
-0.296722  -0.707011  0.641944 -0.0889422 0.408672  -0.713205  0.569497 0.0272863
-0.13928  -0.63299  -0.761528 0.957325 0.106073  -0.582638  -0.80578 0.914005
0 0 0 1 0 0 0 1
0.875214  0.395471  0.278573 0.137207 0.881302  -0.451819  -0.138446 -0.196282
0.464313  -0.525245  -0.713114 0.0323407 -0.386866  -0.521591  -0.760446 0.111282
-0.135697  0.753472  -0.643324 0.856228 0.271371  0.723742  -0.634472 0.961301
0 0 0 1 0 0 0 1
0.94728  -0.315449  0.0561428 0.0023506 0.836207  0.478745  -0.267509 -0.288277
-0.245492  -0.601967  0.759848 -0.146824 0.53431  -0.601293  0.594104 0.155087
-0.205897  -0.733572  -0.647672 0.941192 0.123573  -0.639727  -0.758604 0.760842
0 0 0 1 0 0 0 1
0.919543  0.344344  0.189388 0.114747 0.924597  -0.373593  -0.0744938 -0.293385
0.385528  -0.69696  -0.604661 0.12722 -0.333469  -0.699197  -0.632394 0.182683
-0.0762159  0.629026  -0.773639 0.970422 0.184172  0.609551  -0.771057 0.978833
0 0 0 1 0 0 0 1
0.974492  0.223592  0.0192816 0.062395 0.991957  -0.123795  -0.0263962 -0.312515
0.219957  -0.934522  -0.279798 0.0126176 -0.125589  -0.936562  -0.327229 0.114711
-0.0445414  0.276902  -0.959865 1.0307 0.0157875  0.327912  -0.944576 0.861877
0 0 0 1 0 0 0 1
0.905719  -0.397835  0.146286 -0.00829431 0.91954  0.36086  -0.155651 -0.259233
-0.391478  -0.652765  0.64857 -0.0324146 0.367435  -0.648916  0.666258 -0.0552743
-0.162533  -0.64469  -0.746966 0.936872 0.139422  -0.669842  -0.729296 0.745859
0 0 0 1 0 0 0 1
0.895092  -0.442455  0.0551745 0.122073 0.920118  0.304108  -0.24678 -0.0634202
-0.365692  -0.657671  0.658588 0.091182 0.390148  -0.656795  0.645294 0.118655
-0.255109  -0.609674  -0.750478 0.882034 0.0341549  -0.690028  -0.722976 0.663153
0 0 0 1 0 0 0 1
0.929422  -0.350345  0.115905 0.0337333 0.938256  0.328475  -0.108532 -0.20416
-0.349705  -0.73592  0.579765 0.172775 0.326444  -0.736841  0.59203 0.147648
-0.117821  -0.579379  -0.806498 0.886752 0.114496  -0.590905  -0.798575 0.775727
0 0 0 1 0 0 0 1
0.974344  -0.206715  0.0890122 0.237333 0.996755  -0.00107864  0.0804918 -0.313879
-0.214967  -0.971888  0.0960326 -0.0490953 -0.0201892  -0.971301  0.236993 -0.301732
0.0666585  -0.112703  -0.99139 1.0375 0.0779261  -0.237849  -0.968171 1.12628
0 0 0 1 0 0 0 1
0.916312  0.34912  0.196181 0.0680549 0.888555  -0.437595  -0.13777 -0.30228
0.382311  -0.616795  -0.688043 0.153694 -0.407442  -0.614695  -0.675382 0.125146
-0.119206  0.705464  -0.698649 0.953694 0.210857  0.656248  -0.724485 0.930574
0 0 0 1 0 0 0 1
0.975745  0.185916  0.115576 0.11601 0.990671  -0.0893981  0.102851 -0.378855
0.205101  -0.960949  -0.185771 0.0209779 -0.0584607  -0.960569  -0.271826 0.169824
0.0765247  0.20497  -0.975772 1.0307 0.123096  0.263278  -0.956834 1.05286
0 0 0 1 0 0 0 1
0.921435  -0.377275  0.092851 0.259681 0.968491  0.233925  -0.085466 -0.131573
-0.372075  -0.788021  0.490492 0.0477171 0.240159  -0.786333  0.569214 -0.093513
-0.111882  -0.486504  -0.866485 0.957997 0.0659485  -0.571804  -0.817736 0.955765
0 0 0 1 0 0 0 1
0.945332  0.297345  0.133913 0.213801 0.960587  -0.276582  -0.0278374 -0.220744
0.324508  -0.81709  -0.476506 -0.0283176 -0.250392  -0.817414  -0.518785 0.0483371
-0.0322677  0.493913  -0.868913 0.9607 0.120732  0.505308  -0.854452 1.03548
0 0 0 1 0 0 0 1
0.979469  0.186421  -0.0767358 0.291751 0.966086  -0.206195  -0.15544 -0.1016
0.146016  -0.91847  -0.367549 -0.0968813 -0.245996  -0.917944  -0.311231 -0.202012
-0.138998  0.348798  -0.926833 1.00929 -0.0785115  0.338913  -0.937536 0.895661
0 0 0 1 0 0 0 1
0.919084  -0.340199  0.19887 0.217196 0.979367  0.180516  0.0908563 -0.276145
-0.391214  -0.848284  0.356885 0.159913 0.108834  -0.849935  0.515525 -0.132674
0.0472865  -0.405808  -0.912734 0.946677 0.170282  -0.494999  -0.852044 1.09653
0 0 0 1 0 0 0 1
0.926501  -0.370759  0.0642881 0.259236 0.896875  0.382793  -0.22155 -0.0522139
-0.312719  -0.66363  0.67956 0.0375524 0.433534  -0.661738  0.611679 0.166694
-0.209289  -0.649718  -0.730798 0.885937 0.0875385  -0.644649  -0.75945 0.891753
0 0 0 1 0 0 0 1
0.911464  0.381853  0.153038 0.14425 0.906884  -0.386314  -0.168294 -0.090688
0.378529  -0.632817  -0.675469 -0.150611 -0.393595  -0.63397  -0.665707 -0.165699
-0.161085  0.673596  -0.721333 0.814153 0.150478  0.669958  -0.726988 0.841275
0 0 0 1 0 0 0 1
0.873709  -0.333141  0.354469 -0.00980576 0.827935  0.547858  -0.1199 -0.39533
-0.478469  -0.457098  0.749753 -0.122096 0.416682  -0.457823  0.78535 -0.191579
-0.0877463  -0.824668  -0.558769 0.883916 0.375367  -0.700178  -0.60733 0.983001
0 0 0 1 0 0 0 1
0.91894  -0.266148  0.291057 0.0663495 0.932671  0.338289  0.125243 -0.488523
-0.37978  -0.796183  0.471019 -0.0863854 0.212541  -0.795873  0.566932 -0.262696
0.106374  -0.543376  -0.832723 0.980069 0.291464  -0.502142  -0.814188 1.14306
0 0 0 1 0 0 0 1
0.913539  0.354593  0.199275 0.235155 0.984869  -0.116687  0.128131 -0.318812
0.399914  -0.872455  -0.280874 -0.0760603 -0.0401114  -0.872762  -0.486496 0.299816
0.0742625  0.336282  -0.938829 0.978564 0.168595  0.473995  -0.864236 1.13467
0 0 0 1 0 0 0 1
0.917545  -0.396073  -0.0351913 0.191977 0.931072  0.264353  -0.25144 -0.0555763
-0.299329  -0.746254  0.594564 0.0537691 0.362606  -0.746588  0.557785 0.117838
-0.261752  -0.535006  -0.803278 0.938076 -0.0402695  -0.610512  -0.790983 0.694859
0 0 0 1 0 0 0 1
0.898365  0.340192  0.277868 0.111727 0.971545  -0.176382  0.158083 -0.431161
0.419679  -0.851491  -0.314377 -0.188579 -0.0679809  -0.846992  -0.52724 0.184562
0.129654  0.399041  -0.907721 0.951364 0.226891  0.501491  -0.834882 1.11183
0 0 0 1 0 0 0 1
0.948621  -0.304366  -0.0864869 0.288663 0.94629  0.242582  -0.21375 -0.072343
-0.223759  -0.838547  0.49676 -0.0309302 0.315717  -0.835815  0.44915 0.062851
-0.22372  -0.451884  -0.863568 1.00595 -0.0697003  -0.49251  -0.867511 0.830014
0 0 0 1 0 0 0 1
0.943596  -0.327417  -0.0492385 0.146361 0.865247  0.397433  -0.305606 -0.166547
