0.962634  0.251692  0.0999363 0.0602257 0.954466  -0.295512  -0.040837 -0.260179
0.268325  -0.836644  -0.477523 -0.229831 -0.279189  -0.836612  -0.47131 -0.241199
-0.0365776  0.486495  -0.872917 0.920116 0.105113  0.461251  -0.881022 0.882237
0 0 0 1 0 0 0 1
0.997917  0.0607324  -0.0217705 0.23242 0.984345  -0.170705  -0.0438725 -0.255307
0.0540081  -0.970965  -0.233044 0.249983 -0.175647  -0.970706  -0.163943 0.121991
-0.0352917  0.231383  -0.972222 1.07104 -0.0146013  0.169083  -0.985494 1.01387
0 0 0 1 0 0 0 1
0.976811  0.152792  0.149983 0.0360537 0.926036  -0.376916  0.0198064 -0.421757
0.208516  -0.837892  -0.504438 -0.00508157 -0.331873  -0.83812  -0.432914 -0.135228
0.0485957  0.524014  -0.850322 0.977266 0.179773  0.394321  -0.901217 1.02593
0 0 0 1 0 0 0 1
0.968142  0.244465  0.0541944 0.189688 0.901414  -0.406558  -0.148874 -0.23311
0.224811  -0.753289  -0.618074 0.105676 -0.422909  -0.75315  -0.503898 -0.102947
-0.110274  0.610568  -0.784249 0.980443 0.0927393  0.517181  -0.850837 0.977685
0 0 0 1 0 0 0 1
0.950004  -0.312231  -0.00216343 0.290181 0.927862  0.317708  -0.195278 -0.129333
-0.254007  -0.776843  0.576191 -0.15946 0.372796  -0.776499  0.508008 -0.0336102
-0.181585  -0.546834  -0.817313 1.01608 0.00976469  -0.54416  -0.838924 0.940023
0 0 0 1 0 0 0 1
0.976127  0.214407  -0.0347166 0.238146 0.988202  -0.126484  -0.0863676 -0.145685
0.196103  -0.938704  -0.283511 -0.244948 -0.147396  -0.938619  -0.311881 -0.193355
-0.0933753  0.269935  -0.95834 0.99994 -0.0416182  0.320931  -0.946188 0.904073
0 0 0 1 0 0 0 1
0.941408  -0.332969  0.0536878 0.0759613 0.906829  0.372702  -0.196864 -0.240245
-0.287206  -0.707993  0.64518 -0.130375 0.415027  -0.707995  0.571397 0.00448393
-0.176815  -0.622797  -0.762142 0.983332 0.0735823  -0.599863  -0.796712 0.800937
0 0 0 1 0 0 0 1
0.863285  -0.379054  0.333252 0.0437068 0.832377  0.526706  -0.172421 -0.294116
-0.480512  -0.415233  0.772456 -0.115385 0.428912  -0.415198  0.802275 -0.16977
-0.154426  -0.826982  -0.540605 0.865683 0.350974  -0.741749  -0.571512 0.946854
0 0 0 1 0 0 0 1
0.94833  -0.298151  -0.108517 0.249247 0.894858  0.334087  -0.295997 -0.119629
-0.173805  -0.774292  0.608493 -0.189744 0.439594  -0.774599  0.454702 0.0903445
-0.265446  -0.558191  -0.786105 1.02679 -0.0773689  -0.537012  -0.840019 0.773968
0 0 0 1 0 0 0 1
0.881001  -0.420763  0.216323 0.113044 0.841366  0.473292  -0.260956 -0.147913
-0.408879  -0.447104  0.79556 -0.0659969 0.484667  -0.447061  0.751821 0.0136465
-0.238024  -0.789339  -0.56594 0.846419 0.239167  -0.759033  -0.605531 0.851616
0 0 0 1 0 0 0 1
0.972018  -0.216655  0.0907872 0.0366001 0.917043  0.389766  -0.0843534 -0.376983
-0.229092  -0.788837  0.57031 -0.180665 0.379708  -0.788762  0.483401 -0.0219052
-0.051944  -0.57515  -0.816397 1.01902 0.121879  -0.475329  -0.871325 0.928803
0 0 0 1 0 0 0 1
0.833588  0.469413  0.291174 0.188746 0.953909  -0.300059  -0.00471138 -0.149561
0.547387  -0.631206  -0.549497 -0.18922 -0.202239  -0.631174  -0.748811 0.174558
-0.0741501  0.617439  -0.783116 0.827405 0.221714  0.715251  -0.662767 0.932493
0 0 0 1 0 0 0 1
0.969617  -0.219275  0.108449 0.0836133 0.896096  0.433059  -0.0973235 -0.332711
-0.2384  -0.747602  0.619884 -0.0865269 0.417468  -0.747823  0.516218 0.102287
-0.0548486  -0.626904  -0.777163 0.97073 0.150772  -0.50321  -0.85091 0.971919
0 0 0 1 0 0 0 1
0.95933  0.262573  0.10364 0.139377 0.942696  -0.327601  -0.063261 -0.262696
0.27714  -0.806274  -0.522605 -0.000791671 -0.313947  -0.806737  -0.500612 -0.0395487
-0.05366  0.530073  -0.846253 0.970663 0.112966  0.491785  -0.863357 0.972852
0 0 0 1 0 0 0 1
0.892187  -0.441258  0.0963997 0.12126 0.947002  0.275137  -0.165794 -0.0954616
-0.406306  -0.690872  0.598006 0.153851 0.31467  -0.690795  0.650988 0.0570765
-0.197275  -0.572701  -0.795673 0.883025 0.0645814  -0.668657  -0.740761 0.724928
0 0 0 1 0 0 0 1
0.979647  0.161241  -0.119558 0.353677 0.955263  -0.231205  -0.184438 -0.120185
0.104872  -0.918991  -0.380076 0.25231 -0.276642  -0.919057  -0.280719 0.0713035
-0.171156  0.359802  -0.917196 1.08118 -0.104606  0.319184  -0.941902 0.940264
0 0 0 1 0 0 0 1
0.96024  0.27837  0.0211894 0.17927 0.931166  -0.329803  -0.155435 -0.146686
0.242274  -0.793198  -0.558695 -0.0930851 -0.362619  -0.793402  -0.488897 -0.220143
-0.138717  0.541615  -0.829102 0.936033 0.0379173  0.511608  -0.858382 0.866561
0 0 0 1 0 0 0 1
0.9601  -0.272478  -0.0629601 0.246461 0.96885  0.188464  -0.16066 -0.0875183
-0.224923  -0.886151  0.405149 0.169837 0.238251  -0.886352  0.397009 0.183982
-0.166186  -0.374823  -0.91208 0.980957 -0.0675797  -0.42292  -0.903644 0.82144
0 0 0 1 0 0 0 1
0.960082  -0.229648  0.159703 0.0510433 0.942735  0.333405  0.00954902 -0.360744
-0.279095  -0.824605  0.492069 0.0750347 0.286531  -0.824187  0.488483 0.0827856
0.0186895  -0.516999  -0.855782 0.956645 0.170733  -0.457774  -0.872521 0.988274
0 0 0 1 0 0 0 1
0.953264  0.280032  0.113447 0.00357919 0.864956  -0.470265  -0.175221 -0.313042
0.275616  -0.65212  -0.70624 0.0543839 -0.474262  -0.651802  -0.591802 -0.154838
-0.123789  0.704501  -0.698824 0.926327 0.164095  0.594983  -0.786809 0.843993
0 0 0 1 0 0 0 1
0.918717  0.382941  0.0965212 0.230007 0.897895  -0.38474  -0.213917 -0.0463566
0.3394  -0.640658  -0.688742 -0.0905983 -0.42663  -0.640772  -0.638278 -0.182561
-0.20191  0.665518  -0.718553 0.850189 0.108499  0.664369  -0.739487 0.870736
0 0 0 1 0 0 0 1
0.83563  0.430368  0.341329 0.198144 0.912141  -0.407424  -0.0447649 -0.162958
0.542036  -0.545392  -0.639331 -0.0557453 -0.2825  -0.545785  -0.788868 0.217741
-0.0889898  0.719257  -0.689021 0.814281 0.296972  0.732205  -0.612931 1.00767
0 0 0 1 0 0 0 1
0.915511  -0.388284  0.105242 0.1894 0.989076  0.146213  -0.0187152 -0.194341
-0.397647  -0.833772  0.383017 0.194259 0.133369  -0.833581  0.536055 -0.0844426
-0.0609714  -0.392505  -0.917727 0.958268 0.0627775  -0.532695  -0.843975 0.913009
0 0 0 1 0 0 0 1
0.998614  -0.0526248  -0.00032111 0.210242 0.99966  -0.0260482  0.00113693 -0.265029
-0.0526249  -0.998614  -0.000311239 0.189203 -0.0260729  -0.998573  0.046614 0.106157
-0.000304286  0.000327706  -1 1.05129 -7.88987e-05  -0.0466278  -0.998912 1.01828
0 0 0 1 0 0 0 1
0.998617  -0.0525744  -0.000286875 0.294329 0.999655  -0.026188  0.00200954 -0.222971
-0.0525745  -0.998617  -0.000113532 0.189225 -0.0262516  -0.998663  0.0445363 0.106165
-0.00028051  0.000128458  -1 1.05126 0.000840536  -0.0445737  -0.999006 1.09112
0 0 0 1 0 0 0 1
0.998618  -0.0525446  -0.000504868 0.0840732 0.999659  -0.0261033  0.000793085 -0.328134
-0.0525446  -0.998619  -0.000104485 0.189204 -0.0261122  -0.998599  0.0460244 0.106156
-0.000498681  0.000130869  -1 1.05108 -0.000409416  -0.0460294  -0.99894 0.909053
0 0 0 1 0 0 0 1
0.998615  -0.052608  0.000448678 0.252269 0.999659  -0.0261085  0.000953219 -0.244045
-0.0526086  -0.998614  0.00142699 0.231223 -0.0261247  -0.998586  0.0462927 0.148183
0.000372985  -0.00144861  -0.999999 1.05097 -0.000256765  -0.0463018  -0.998927 1.05456
0 0 0 1 0 0 0 1
0.99861  0.0527108  0.000511676 0.273322 0.999657  0.0261853  0.000800907 -0.233466
0.0527112  -0.99861  -0.000678497 -0.0841234 0.0261943  -0.998579  -0.0464133 -0.00104457
0.0004752  0.000704524  -1 1.05111 -0.000415579  0.0464183  -0.998922 1.07266
0 0 0 1 0 0 0 1
0.998609  -0.0527246  -0.000176702 0.168195 0.999658  -0.0261195  0.000879949 -0.28606
-0.0527244  -0.998609  0.000784188 0.14717 -0.0261324  -0.998603  0.045917 0.064104
-0.000217802  -0.000773781  -1 1.05111 -0.00032061  -0.0459243  -0.998945 0.981865
0 0 0 1 0 0 0 1
0.998609  -0.0527275  7.64501e-05 0.0841212 0.999655  -0.0262684  0.000239788 -0.328085
-0.0527276  -0.998608  0.00111351 0.105145 -0.0262517  -0.9986  0.0459244 0.0220692
1.76312e-05  -0.00111599  -0.999999 1.05101 -0.00096691  -0.0459149  -0.998945 0.90892
0 0 0 1 0 0 0 1
0.998606  0.0527631  0.00116724 0.105093 0.999652  0.0263949  -0.000258491 -0.317594
0.0527648  -0.998606  -0.00150871 0.0840468 0.0263562  -0.998629  -0.0452281 0.167097
0.00108601  0.0015682  -0.999998 1.05106 -0.00145193  0.0452055  -0.998977 0.927023
0 0 0 1 0 0 0 1
0.998623  0.052459  0.00029628 0.147182 0.99965  0.0264513  0.000561189 -0.296575
0.0524592  -0.998623  -0.000547599 0.126159 0.0264498  -0.998639  -0.0449534 0.209168
0.000267145  0.000562388  -1 1.05129 -0.000628652  0.0449525  -0.998989 0.963599
0 0 0 1 0 0 0 1
0.998615  0.0526159  -0.000139611 0.189213 0.999654  0.0263176  8.01422e-05 -0.275526
0.0526159  -0.998615  -0.000491592 1.44343e-05 0.0262938  -0.998608  -0.0457176 0.0830553
-0.000165283  0.000483565  -1 1.0513 -0.00112315  0.0457039  -0.998954 0.999973
0 0 0 1 0 0 0 1
0.998606  -0.0527762  -0.000409986 0.210255 0.999659  -0.0260931  0.000937926 -0.265063
-0.0527758  -0.998606  0.00084669 0.105168 -0.0261085  -0.998587  0.0462884 0.0220852
-0.0004541  -0.000823873  -1 1.05138 -0.000271205  -0.0462971  -0.998928 1.01828
0 0 0 1 0 0 0 1
0.998622  0.052475  0.000268164 0.189207 0.999662  0.0259815  -2.15267e-05 -0.275634
0.0524749  -0.998622  0.000355115 0.168193 0.0259533  -0.998613  -0.045818 0.25128
0.00028643  -0.000340554  -1 1.05111 -0.00121192  0.045802  -0.99895 1.0001
0 0 0 1 0 0 0 1
0.998617  0.0525826  0.000235997 0.189225 0.99966  0.0260908  0.000268661 -0.275546
0.0525826  -0.998617  3.44132e-06 0.0841006 0.0260747  -0.99856  -0.0468774 0.167116
0.000235851  8.97277e-06  -1 1.05119 -0.000954795  0.0468684  -0.998901 1.00007
0 0 0 1 0 0 0 1
0.998609  0.0527148  -0.000548598 0.273288 0.999654  0.0262905  0.000378037 -0.233504
0.0527149  -0.99861  0.000185282 -0.210233 0.02628  -0.99859  -0.0461329 -0.127174
-0.000538069  -0.000213944  -1 1.05124 -0.000835354  0.0461269  -0.998935 1.07281
0 0 0 1 0 0 0 1
0.998622  -0.052487  7.96767e-05 0.0840848 0.999656  -0.0262343  0.000155159 -0.328118
-0.0524871  -0.998621  0.000646088 -0.0630612 -0.0262135  -0.998591  0.0461463 -0.146124
4.56556e-05  -0.00064938  -1 1.05131 -0.00105568  -0.0461345  -0.998935 0.90895
0 0 0 1 0 0 0 1
0.998631  -0.0523028  -0.00109646 0.126115 0.999655  -0.0262678  0.000799512 -0.307105
-0.0523032  -0.998631  -0.000369385 -0.0210311 -0.0262768  -0.998596  0.0459958 -0.104106
-0.00107564  0.000426228  -0.999999 1.05121 -0.000409821  -0.0460009  -0.998941 0.945481
0 0 0 1 0 0 0 1
0.998613  0.0526541  -0.000737058 0.0630846 0.999654  0.026315  0.00056647 -0.338594
0.052653  -0.998612  -0.00137429 0.0420198 0.0263136  -0.998626  -0.0453267 0.12512
-0.000808397  0.00133358  -0.999999 1.05126 -0.000627079  0.0453259  -0.998972 0.890725
0 0 0 1 0 0 0 1
0.998615  0.0526112  -0.000657662 0.147177 0.999659  0.0261092  0.000203271 -0.296559
0.05261  -0.998614  -0.00172783 0.0420341 0.0260909  -0.998601  -0.0459817 0.125096
-0.000747654  0.00169084  -0.999998 1.05136 -0.000997558  0.0459713  -0.998942 0.963601
0 0 0 1 0 0 0 1
0.998624  0.0524329  -0.000906115 0.147127 0.999647  0.0265204  0.00142391 -0.296603
0.0524325  -0.998624  -0.000447518 -0.0420681 0.0265575  -0.99866  -0.0444266 0.041039
-0.000928334  0.000399393  -0.999999 1.05118 0.000243787  0.0444487  -0.999012 0.963716
0 0 0 1 0 0 0 1
0.998616  -0.0525889  -0.000859727 0.126094 0.999658  -0.0261367  0.000390431 -0.307125
-0.0525894  -0.998616  -0.000566583 -0.105119 -0.0261271  -0.998609  0.0458063 -0.188172
-0.000828741  0.000611011  -0.999999 1.05103 -0.000807337  -0.0458009  -0.99895 0.945459
0 0 0 1 0 0 0 1
0.998617  0.0525653  2.41585e-05 0.105108 0.999657  0.0261925  0.000846129 -0.317627
0.0525653  -0.998617  -0.000203276 2.18276e-05 0.0262037  -0.998603  -0.0458764 0.0830469
1.34399e-05  0.000204265  -1 1.05112 -0.00035667  0.0458828  -0.998947 0.927199
0 0 0 1 0 0 0 1
0.998616  0.0525936  -0.000680542 0.0630689 0.999655  0.026261  0.000579297 -0.338621
0.0525942  -0.998616  0.000861027 -0.0420554 0.0262599  -0.998605  -0.0458081 0.0410356
-0.000634315  -0.000895628  -0.999999 1.05127 -0.000624476  0.0458075  -0.99895 0.890703
0 0 0 1 0 0 0 1
0.998603  0.0528353  -0.00119494 0.231216 0.999653  0.0263368  0.000440404 -0.254575
0.0528343  -0.998603  -0.000868763 -0.12618 0.0263301  -0.998655  -0.0446581 -0.043079
-0.00123917  0.000804415  -0.999999 1.05119 -0.000736338  0.0446542  -0.999002 1.0366
0 0 0 1 0 0 0 1
0.99862  0.0525174  0.00019512 0.189216 0.999656  0.0262219  0.000924937 -0.275564
0.0525173  -0.99862  0.0003365 -0.0840806 0.0262368  -0.998614  -0.045624 -0.000980952
0.000212523  -0.000325789  -1 1.05115 -0.000272692  0.0456326  -0.998958 1.00003
0 0 0 1 0 0 0 1
0.998615  -0.0526192  -0.000530602 0.0840872 0.999648  -0.0265031  0.00128403 -0.32816
-0.0526186  -0.998614  0.0011083 0.0210826 -0.0265341  -0.998645  0.0447571 -0.0620652
-0.000588185  -0.00107885  -0.999999 1.0512 9.6087e-05  -0.0447754  -0.998997 0.909092
0 0 0 1 0 0 0 1
0.998611  0.0526764  0.000626208 0.105113 0.999653  0.0263295  0.000560788 -0.317618
0.0526765  -0.998612  -0.000239106 -0.0840573 0.0263275  -0.998604  -0.0457991 -0.00101305
0.000612744  0.000271761  -1 1.05108 -0.000645863  0.045798  -0.998951 0.927159
0 0 0 1 0 0 0 1
0.998619  -0.0525368  0.000295326 0.336405 0.999662  -0.0259842  -0.000371171 -0.20197
-0.0525367  -0.998619  -0.000282342 -0.0210277 -0.0259418  -0.998667  0.0446253 -0.104058
0.000309751  0.000266437  -1 1.05108 -0.00153023  -0.0446006  -0.999004 1.12737
0 0 0 1 0 0 0 1
0.998629  0.0523142  0.00183342 0.0630931 0.999653  0.0263196  0.000563465 -0.338748
0.0523149  -0.998631  -0.000322923 -0.210231 0.0263181  -0.998627  -0.0452852 -0.127203
0.00181401  0.000418396  -0.999998 1.05124 -0.000629194  0.0452843  -0.998974 0.891078
0 0 0 1 0 0 0 1
0.998617  0.0525824  -0.000214796 0.231217 0.999654  0.0262846  0.00128325 -0.254509
0.0525825  -0.998616  0.000418824 0.042051 0.0263157  -0.998633  -0.0451714 0.125135
-0.000192476  -0.000429539  -1 1.05115 9.41822e-05  0.0451895  -0.998978 1.03648
0 0 0 1 0 0 0 1
0.998627  0.0523928  0.000198431 0.0630888 0.999653  0.0263314  0.001172 -0.338596
0.0523928  -0.998627  2.23497e-05 -0.126108 0.0263574  -0.998623  -0.0453557 -0.0430513
0.00019933  -1.19227e-05  -1 1.05104 -2.38966e-05  0.0453709  -0.99897 0.890756
0 0 0 1 0 0 0 1
0.99861  -0.0527104  0.000194837 0.336386 0.999656  -0.0262073  0.00110745 -0.201998
-0.0527106  -0.998609  0.00121819 0.105118 -0.0262305  -0.998612  0.0456665 0.0220728
0.000130355  -0.00122677  -0.999999 1.05122 -9.08824e-05  -0.0456799  -0.998956 1.12755
0 0 0 1 0 0 0 1
0.998609  0.0527272  0.000887302 0.147163 0.999657  0.0261927  -0.000285155 -0.296557
0.0527277  -0.998609  -0.000450211 -0.126175 0.0261525  -0.998619  -0.0455705 -0.0430706
0.000862329  0.00049637  -1 1.05115 -0.00147838  0.0455474  -0.998961 0.963535
0 0 0 1 0 0 0 1
0.998616  0.0525864  -0.000455244 0.231248 0.999655  0.0262825  -0.000237139 -0.254558
0.0525864  -0.998616  0.000146987 -0.042021 0.0262448  -0.99863  -0.04526 0.0410377
-0.000446885  -0.000170723  -1 1.0512 -0.00142636  0.0452381  -0.998975 1.03633
0 0 0 1 0 0 0 1
0.998609  -0.052727  -0.000828578 0.16817 0.999651  -0.0264123  0.000783608 -0.286092
-0.0527271  -0.998609  -0.000105305 0.063095 -0.0264209  -0.998651  0.0447043 -0.0200478
-0.000821873  0.000148847  -1 1.05125 -0.000398192  -0.0447094  -0.999 0.981826
0 0 0 1 0 0 0 1
0.998618  0.052546  -0.000455388 0.315303 0.999654  0.0262839  0.00127617 -0.212433
0.0525458  -0.998618  -0.000427197 -0.126121 0.0263148  -0.998591  -0.0460742 -0.043041
-0.000477206  0.000402678  -1 1.0511 6.33588e-05  0.0460918  -0.998937 1.10908
0 0 0 1 0 0 0 1
0.998622  -0.0524818  0.000210741 0.252256 0.999656  -0.0262134  0.00111387 -0.243998
-0.0524816  -0.998622  -0.000647041 0.0210059 -0.0262369  -0.998589  0.0461722 -0.062027
0.000244408  0.00063509  -1 1.051 -9.8033e-05  -0.0461855  -0.998933 1.0547
0 0 0 1 0 0 0 1
0.998618  0.0525523  0.000726187 0.315341 0.999647  0.026582  0.000361239 -0.212543
0.0525516  -0.998618  0.000951533 -0.0419969 0.0265717  -0.998654  -0.0445455 0.0410527
0.000775189  -0.000912056  -0.999999 1.05103 -0.000823356  0.0445394  -0.999007 1.10942
0 0 0 1 0 0 0 1
0.99862  0.0525181  -8.73984e-05 0.231287 0.999658  0.0261456  -0.000176245 -0.254551
0.0525181  -0.99862  0.00020579 0.126156 0.0261101  -0.998611  -0.0457634 0.209166
-7.64701e-05  -0.000210096  -1 1.05123 -0.00137251  0.0457432  -0.998952 1.03642
0 0 0 1 0 0 0 1
0.998615  0.0526006  -0.000638343 0.105132 0.999661  0.0260268  0.000704787 -0.317639
0.052601  -0.998615  0.000535112 -0.252282 0.0260319  -0.998622  -0.0455649 -0.169213
-0.000609312  -0.000567948  -1 1.05122 -0.000482094  0.0455678  -0.998961 0.927325
0 0 0 1 0 0 0 1
0.998629  -0.0523534  -0.000111847 0.294355 0.999651  -0.0264136  0.000579119 -0.223057
-0.0523535  -0.998629  -0.00030137 -0.0631137 -0.0264128  -0.99863  0.0451688 -0.14625
-9.59157e-05  0.000306812  -1 1.05125 -0.000614744  -0.0451683  -0.998979 1.09129
0 0 0 1 0 0 0 1
0.998614  0.052626  0.000111225 0.273324 0.999657  0.0261721  0.000618426 -0.233489
0.052626  -0.998614  -0.000176032 -3.94686e-07 0.0261736  -0.998661  -0.044632 0.0830518
0.000101807  0.000181641  -1 1.05124 -0.000550516  0.0446329  -0.999003 1.07284
0 0 0 1 0 0 0 1
0.998618  -0.0525468  -0.000456752 0.294354 0.999652  -0.0263853  0.000477468 -0.222987
-0.0525468  -0.998618  -4.70699e-05 0.0630886 -0.0263798  -0.998621  0.0453923 -0.0199702
-0.000453647  7.10057e-05  -1 1.05124 -0.000720879  -0.0453891  -0.998969 1.09109
0 0 0 1 0 0 0 1
0.998624  -0.0524395  0.000362984 0.126126 0.999657  -0.0261954  0.000762846 -0.30715
-0.0524396  -0.998624  0.000495544 0.231261 -0.0262029  -0.998613  0.045676 0.148184
0.000336499  -0.000513897  -1 1.05106 -0.000434711  -0.0456803  -0.998956 0.94555
0 0 0 1 0 0 0 1
0.960708  0.233888  0.149454 -0.0163216 0.938491  -0.345133  -0.0108834 -0.337494
0.277556  -0.812818  -0.512142 -0.226762 -0.304744  -0.81302  -0.496115 -0.255608
0.0016951  0.5335  -0.845798 0.904683 0.162377  0.468916  -0.868189 0.886877
0 0 0 1 0 0 0 1
0.941505  0.336844  -0.0102613 0.255645 0.85545  -0.421341  -0.301125 -0.0959368
0.224702  -0.650169  -0.725802 0.0850762 -0.516415  -0.65022  -0.557253 -0.222157
-0.251153  0.68104  -0.687827 0.936704 0.0389961  0.632207  -0.773817 0.857786
0 0 0 1 0 0 0 1
0.971218  -0.161562  0.175022 0.0190238 0.961825  0.256809  0.0945586 -0.429827
-0.216171  -0.906434  0.362833 0.224534 0.205813  -0.906536  0.368557 0.213713
0.100026  -0.390225  -0.91527 0.962565 0.180369  -0.335026  -0.924783 1.0271
0 0 0 1 0 0 0 1
0.986751  0.137775  0.0856759 0.169824 0.954212  -0.299129  0.000556495 -0.319517
0.161089  -0.894844  -0.416298 0.037025 -0.280225  -0.894558  -0.348196 -0.0883417
0.0193109  0.424584  -0.905183 1.00755 0.104653  0.332097  -0.937422 1.07204
0 0 0 1 0 0 0 1
0.881556  0.407462  0.2384 0.135239 0.945241  -0.324791  -0.0321159 -0.205587
0.467046  -0.679222  -0.56615 -0.134375 -0.256753  -0.679247  -0.687533 0.0869682
-0.068758  0.610436  -0.789075 0.874265 0.20149  0.65813  -0.725443 0.934816
0 0 0 1 0 0 0 1
0.904423  0.426638  4.09919e-05 0.266242 0.974619  -0.156123  -0.160448 -0.0340312
0.37627  -0.797603  -0.471435 -0.191776 -0.220213  -0.797601  -0.56155 -0.0274245
-0.201099  0.426392  -0.881901 0.94091 -0.0403027  0.58263  -0.811737 0.777777
0 0 0 1 0 0 0 1
0.897437  0.434588  0.0757602 0.21624 0.971391  -0.204442  -0.120842 -0.0656122
0.409737  -0.757527  -0.508201 -0.220023 -0.235196  -0.757682  -0.60877 -0.0360012
-0.163468  0.48712  -0.8579 0.900555 0.0328989  0.619775  -0.78409 0.805219
0 0 0 1 0 0 0 1
0.902288  0.399167  0.162916 0.260229 0.963409  -0.263389  -0.0496962 -0.0983669
0.42273  -0.744864  -0.516214 -0.205474 -0.235837  -0.744865  -0.624146 -0.00832711
-0.0847058  0.534643  -0.840822 0.873813 0.127376  0.613028  -0.779726 0.975795
0 0 0 1 0 0 0 1
0.919814  -0.364857  0.144297 0.155504 0.902387  0.39903  -0.162703 -0.208521
-0.361525  -0.64524  0.673026 -0.112257 0.402461  -0.645453  0.649165 -0.069351
-0.152452  -0.671226  -0.725406 0.948629 0.154019  -0.65128  -0.743043 0.93084
0 0 0 1 0 0 0 1
0.878003  -0.46047  0.130683 0.234952 0.915514  0.338832  -0.216858 -0.0588357
-0.415119  -0.596605  0.686833 -0.029265 0.38732  -0.596742  0.702768 -0.0586169
-0.2383  -0.65729  -0.714971 0.902845 0.108712  -0.727387  -0.677562 0.845153
0 0 0 1 0 0 0 1
0.981457  -0.141688  0.129098 0.047756 0.924743  0.380576  0.00351508 -0.419588
-0.188102  -0.841487  0.506475 -0.0638069 0.344763  -0.841564  0.415823 0.101477
0.036873  -0.521367  -0.852535 0.995791 0.16121  -0.383317  -0.909439 1.02406
0 0 0 1 0 0 0 1
0.92404  0.351323  0.150736 0.114525 0.949797  -0.306572  -0.0624381 -0.183328
0.374463  -0.752376  -0.541948 -0.216131 -0.282062  -0.752706  -0.594874 -0.118825
-0.0769882  0.557227  -0.826784 0.876645 0.135374  0.582621  -0.80139 0.883082
0 0 0 1 0 0 0 1
0.914065  -0.345128  0.213006 0.0721386 0.949106  0.314955  0.00137683 -0.305062
-0.405087  -0.751378  0.520899 0.101935 0.248409  -0.751245  0.611494 -0.0632294
-0.0197287  -0.562421  -0.826615 0.925062 0.193627  -0.58003  -0.791248 0.952594
0 0 0 1 0 0 0 1
0.890684  -0.319597  0.323325 -0.000554841 0.889066  0.457768  -0.00319407 -0.411853
-0.45462  -0.623669  0.635891 0.00349774 0.323702  -0.623722  0.711469 -0.134506
-0.00158137  -0.713368  -0.700787 0.900614 0.323695  -0.633577  -0.70271 1.00308
0 0 0 1 0 0 0 1
0.866223  -0.445588  0.226072 0.0840994 0.914089  0.377822  -0.147284 -0.151509
-0.468179  -0.565767  0.67876 0.0789564 0.353847  -0.565745  0.744798 -0.0415743
-0.174543  -0.6938  -0.698696 0.846562 0.198076  -0.732928  -0.650833 0.803551
0 0 0 1 0 0 0 1
0.851199  -0.496256  0.170849 0.174061 0.956958  0.262095  -0.124651 -0.0844127
-0.490884  -0.637574  0.593744 0.12478 0.26867  -0.637573  0.722023 -0.109173
-0.185721  -0.589262  -0.786307 0.875717 0.109764  -0.724436  -0.680548 0.78316
0 0 0 1 0 0 0 1
0.959563  -0.170662  0.223858 0.0636357 0.962015  0.226333  0.152647 -0.496039
-0.237599  -0.91749  0.318998 0.00958951 0.15776  -0.917237  0.365769 -0.0746168
0.150947  -0.359287  -0.920939 1.00445 0.222799  -0.327794  -0.918102 1.14722
0 0 0 1 0 0 0 1
0.988229  -0.114806  -0.101106 0.26215 0.991641  0.0598941  -0.114285 -0.140201
-0.0992706  -0.984116  0.147177 0.177004 0.0778318  -0.98411  0.15959 0.154278
-0.116397  -0.135408  -0.983929 1.04324 -0.102911  -0.167151  -0.980546 0.881052
0 0 0 1 0 0 0 1
0.923725  -0.35149  0.152275 0.037942 0.81608  0.511035  -0.26992 -0.257445
-0.321928  -0.496906  0.805883 -0.120095 0.53674  -0.496991  0.681843 0.106264
-0.207594  -0.793435  -0.572159 0.892691 0.214297  -0.701315  -0.679878 0.838584
0 0 0 1 0 0 0 1
0.895485  0.41978  0.147956 0.263032 0.972753  -0.226365  -0.0501096 -0.130107
0.434973  -0.754884  -0.490866 -0.0978797 -0.207731  -0.754998  -0.621953 0.141619
-0.094366  0.50392  -0.85858 0.929818 0.102956  0.615415  -0.78145 0.968985
0 0 0 1 0 0 0 1
0.934887  -0.312575  0.168175 -0.0238853 0.913399  0.397273  -0.0887498 -0.32066
-0.346688  -0.702537  0.621489 0.0551069 0.36492  -0.702522  0.61098 0.0743747
-0.0761131  -0.639327  -0.765159 0.916779 0.180377  -0.590455  -0.786655 0.840825
0 0 0 1 0 0 0 1
0.944329  -0.263314  0.197253 0.136126 0.969838  0.227275  0.088089 -0.364001
-0.320626  -0.870969  0.372306 0.0749262 0.16198  -0.870986  0.463839 -0.0922572
0.0737676  -0.414824  -0.906907 0.975875 0.182143  -0.43558  -0.881529 1.0982
0 0 0 1 0 0 0 1
0.974565  -0.103862  -0.198583 0.350958 0.976267  -0.099612  -0.192301 -0.078455
-0.112697  -0.993058  -0.0336838 0.221166 -0.0854229  -0.993068  0.0807378 0.0123596
-0.193706  0.0552068  -0.979505 1.07791 -0.199011  -0.0623947  -0.978009 0.819763
0 0 0 1 0 0 0 1
0.963458  -0.245395  0.107379 0.020333 0.951421  0.305757  -0.0362107 -0.371755
-0.266254  -0.833529  0.484085 -0.107928 0.285928  -0.833787  0.472277 -0.0871959
-0.029289  -0.494986  -0.868407 1.01558 0.11421  -0.459688  -0.880706 0.909336
0 0 0 1 0 0 0 1
0.928483  0.357221  0.101551 0.114262 0.925939  -0.346657  -0.149887 -0.149175
0.340612  -0.710145  -0.616179 -0.121549 -0.363491  -0.710242  -0.602852 -0.145483
-0.147996  0.606701  -0.781032 0.885627 0.102527  0.612686  -0.783648 0.819408
0 0 0 1 0 0 0 1
0.953946  0.284029  -0.0965078 0.228606 0.883778  -0.364958  -0.292819 -0.140553
0.162297  -0.759241  -0.630248 0.184283 -0.464541  -0.759298  -0.455707 -0.134128
-0.252282  0.58556  -0.770372 1.01572 -0.0560231  0.53877  -0.840588 0.784266
0 0 0 1 0 0 0 1
0.890027  0.368357  0.268636 0.186178 0.962021  -0.257504  0.0905904 -0.313892
0.453339  -0.77752  -0.435829 -0.0811876 -0.150709  -0.777734  -0.61026 0.238018
0.048329  0.509683  -0.859004 0.930908 0.227599  0.57343  -0.787005 1.10367
0 0 0 1 0 0 0 1
0.993814  0.0982701  0.0517436 0.179075 0.981798  -0.189297  0.0154917 -0.316757
0.108707  -0.956132  -0.27202 0.12534 -0.180773  -0.95637  -0.229515 0.0492023
0.0227422  0.275963  -0.960899 1.04448 0.0582623  0.222537  -0.973182 1.05753
0 0 0 1 0 0 0 1
0.896072  -0.37468  0.238055 0.115152 0.855777  0.483185  -0.184874 -0.235723
-0.413544  -0.509657  0.754474 -0.119745 0.446668  -0.509777  0.735265 -0.0846536
-0.16136  -0.774509  -0.611636 0.895029 0.261025  -0.7118  -0.652079 0.955202
0 0 0 1 0 0 0 1
0.896629  -0.38083  0.225887 -0.0567764 0.826388  0.508022  -0.242893 -0.288127
-0.393772  -0.452523  0.800104 -0.0625802 0.496012  -0.452533  0.741071 0.0451551
-0.202485  -0.806345  -0.555705 0.864339 0.266563  -0.73289  -0.625953 0.775137
0 0 0 1 0 0 0 1
0.930761  -0.326337  0.16489 0.0903836 0.878325  0.451761  -0.156391 -0.198094
-0.343128  -0.623852  0.702191 0.0707412 0.436287  -0.623724  0.648553 0.168921
-0.126284  -0.71015  -0.692632 0.848754 0.195446  -0.637871  -0.74493 0.891072
0 0 0 1 0 0 0 1
0.888686  -0.305586  0.34184 0.0266982 0.921516  0.371047  0.114596 -0.452075
-0.448337  -0.735351  0.508185 0.133211 0.216341  -0.735568  0.641979 -0.111387
0.0960782  -0.604877  -0.790502 0.898018 0.322498  -0.566802  -0.75811 1.07393
0 0 0 1 0 0 0 1
0.96561  -0.176375  0.191022 0.0589357 0.961856  0.251871  0.106741 -0.488633
-0.236067  -0.902637  0.359888 -0.205792 0.193514  -0.90228  0.385283 -0.250393
0.108948  -0.392605  -0.913231 1.04205 0.193352  -0.349931  -0.916604 1.1132
0 0 0 1 0 0 0 1
0.918418  -0.373959  0.129082 0.097785 0.83619  0.47511  -0.273966 -0.207708
-0.324366  -0.525014  0.786859 -0.136602 0.51929  -0.525192  0.674175 0.0687133
-0.226483  -0.764535  -0.603482 0.91095 0.176422  -0.706006  -0.685879 0.844967
0 0 0 1 0 0 0 1
0.972477  0.228321  -0.0464458 0.33671 0.920684  -0.33904  -0.19337 -0.13778
0.166627  -0.820842  -0.54631 0.197366 -0.389926  -0.820883  -0.417264 -0.0382769
-0.162859  0.523535  -0.836294 1.03739 -0.0172657  0.459568  -0.887975 0.993345
0 0 0 1 0 0 0 1
0.924237  -0.316929  0.212937 0.0391926 0.94477  0.327572  0.0103309 -0.328702
-0.381816  -0.764686  0.519107 0.14092 0.258665  -0.764646  0.590261 0.0112696
-0.00169003  -0.56108  -0.82776 0.915916 0.201253  -0.554989  -0.807146 0.946082
0 0 0 1 0 0 0 1
0.980982  -0.17921  0.0745486 0.0411543 0.981885  0.188966  0.013917 -0.363511
-0.193663  -0.929406  0.314165 0.0135677 0.174311  -0.929642  0.324625 -0.00678746
0.0129843  -0.322628  -0.946437 1.02135 0.074281  -0.316318  -0.94574 0.925991
0 0 0 1 0 0 0 1
0.985087  0.0380074  0.167808 0.105863 0.981162  -0.107862  0.160272 -0.487962
0.0616749  -0.988487  -0.138166 0.251872 -0.0885668  -0.988444  -0.123025 0.22376
0.160624  0.146455  -0.97609 1.04714 0.171689  0.106513  -0.979376 1.17939
0 0 0 1 0 0 0 1
0.919423  0.338075  0.200916 0.156806 0.982134  0.0233826  0.186724 -0.455175
0.363063  -0.926027  -0.103239 -0.188298 0.0917251  -0.92588  -0.366513 0.291123
0.151151  0.167865  -0.974153 1.01069 0.164314  0.377093  -0.911483 1.13386
0 0 0 1 0 0 0 1
0.922623  -0.320564  0.214489 0.141131 0.981503  0.141667  0.12877 -0.38809
-0.373796  -0.880244  0.292314 0.101319 0.065737  -0.881115  0.468311 -0.222955
0.0950972  -0.349871  -0.931959 0.984856 0.179805  -0.451183  -0.87413 1.09656
0 0 0 1 0 0 0 1
0.937579  -0.347695  0.00737675 0.257062 0.891938  0.373166  -0.255333 -0.123156
-0.262218  -0.692834  0.671731 -0.167731 0.450949  -0.692869  0.562652 0.0312749
-0.228447  -0.631735  -0.740758 0.987217 0.0330503  -0.616993  -0.786274 0.886385
0 0 0 1 0 0 0 1
0.994367  -0.105777  0.00674261 0.261841 0.999296  -0.036747  0.00756781 -0.244741
-0.105881  -0.994224  0.0175342 -0.114832 -0.037323  -0.994212  0.100745 -0.265912
0.00484895  -0.0181493  -0.999824 1.0493 0.00382193  -0.100957  -0.994883 1.0656
0 0 0 1 0 0 0 1
0.880924  0.388661  0.27003 -0.0216999 0.912923  -0.402894  -0.0651843 -0.280527
0.46577  -0.610914  -0.640189 -0.145139 -0.321409  -0.611275  -0.723215 0.00670658
-0.0838514  0.68973  -0.719195 0.846568 0.251533  0.68119  -0.68754 0.829025
0 0 0 1 0 0 0 1
0.952595  -0.301013  -0.0441988 0.28619 0.909101  0.339659  -0.241179 -0.0683828
-0.214402  -0.767254  0.604444 0.00411973 0.416122  -0.767453  0.487707 0.216648
-0.215858  -0.566315  -0.79542 0.957233 -0.0194393  -0.543735  -0.839032 0.861494
0 0 0 1 0 0 0 1
0.906636  0.412202  0.090002 0.141659 0.970526  -0.218932  -0.100742 -0.15912
0.398804  -0.767619  -0.501714 -0.108724 -0.235055  -0.767663  -0.596189 0.0638063
-0.13772  0.490765  -0.860339 0.942897 0.0531892  0.602297  -0.796498 0.804969
0 0 0 1 0 0 0 1
0.963609  -0.198308  0.179255 0.0489615 0.978456  0.1677  0.12042 -0.445777
-0.242668  -0.930187  0.275436 0.11922 0.116729  -0.930457  0.34731 -0.0135396
0.112119  -0.308912  -0.944459 1.00126 0.17029  -0.325771  -0.929986 1.06147
0 0 0 1 0 0 0 1
0.886364  0.375089  0.271417 0.10223 0.891309  -0.4427  -0.0979012 -0.189803
0.451984  -0.573958  -0.682849 -0.106214 -0.365504  -0.573809  -0.732905 -0.0149989
-0.100347  0.727929  -0.678269 0.8075 0.26828  0.689028  -0.67325 0.931304
0 0 0 1 0 0 0 1
0.879686  -0.35204  0.319719 -0.0104561 0.879159  0.472809  -0.0594187 -0.373872
-0.471811  -0.561889  0.679467 -0.027363 0.352493  -0.56134  0.748763 -0.152992
-0.0595524  -0.748564  -0.660382 0.893284 0.320668  -0.679227  -0.660169 0.946465
0 0 0 1 0 0 0 1
0.93907  0.282865  0.195283 0.0904591 0.972657  -0.216092  0.0850985 -0.35695
0.337604  -0.865785  -0.369377 -0.208295 -0.150644  -0.865905  -0.476985 -0.0116125
0.0645894  0.412799  -0.908529 0.950846 0.17676  0.451123  -0.874782 1.03037
0 0 0 1 0 0 0 1
0.936316  0.284495  0.20585 0.0511266 0.9182  -0.395235  -0.0264275 -0.286012
0.350781  -0.730633  -0.585772 -0.179927 -0.331669  -0.730618  -0.596819 -0.159668
-0.0162489  0.620676  -0.783899 0.863246 0.216575  0.556764  -0.801941 0.950079
0 0 0 1 0 0 0 1
0.949241  -0.27939  0.144508 0.0730826 0.93169  0.358953  -0.0557283 -0.251194
-0.311269  -0.768174  0.559481 0.169881 0.328906  -0.768489  0.548859 0.188385
-0.0453059  -0.576064  -0.816148 0.890897 0.154188  -0.529696  -0.834055 0.91384
0 0 0 1 0 0 0 1
0.993403  0.11445  0.00723991 0.260152 0.9902  -0.138106  -0.0207399 -0.196295
0.113116  -0.967519  -0.226078 -0.248052 -0.139356  -0.967417  -0.211385 -0.275688
-0.01887  0.225405  -0.974082 1.00593 0.0091296  0.212204  -0.977183 1.03414
0 0 0 1 0 0 0 1
0.954418  -0.281719  0.0985929 0.0918927 0.952886  0.297053  -0.0613827 -0.255691
-0.29227  -0.815128  0.500145 0.0873297 0.286617  -0.815515  0.502778 0.0812962
-0.0605347  -0.506163  -0.860311 0.951676 0.0992932  -0.496683  -0.862233 0.899438
0 0 0 1 0 0 0 1
0.889043  -0.386441  0.245492 0.0241692 0.836031  0.501382  -0.222863 -0.274679
-0.415372  -0.455342  0.787483 -0.130606 0.474063  -0.455559  0.753478 -0.069144
-0.192533  -0.802077  -0.565335 0.891617 0.276253  -0.735582  -0.618549 0.867954
0 0 0 1 0 0 0 1
0.975687  0.21733  -0.028336 0.106508 0.944375  -0.294216  -0.146948 -0.234972
0.177202  -0.858321  -0.481545 0.0714842 -0.328717  -0.858175  -0.394312 -0.0881697
-0.128975  0.464815  -0.875963 1.01125 -0.0100939  0.420682  -0.907152 0.809592
0 0 0 1 0 0 0 1
0.93793  -0.345603  -0.0290685 0.295175 0.982134  0.133952  -0.132177 -0.0861028
-0.308305  -0.86922  0.38653 0.0735956 0.180521  -0.86903  0.460651 -0.0611469
-0.158853  -0.353576  -0.921819 1.00179 -0.0531606  -0.476281  -0.877685 0.872962
0 0 0 1 0 0 0 1
0.883097  -0.34931  0.313243 0.0659425 0.912847  0.408089  0.0131672 -0.343418
-0.469174  -0.651988  0.59564 0.05155 0.281157  -0.651646  0.704492 -0.146593
-0.00383223  -0.672974  -0.739656 0.886103 0.296075  -0.639391  -0.70959 1.01611
0 0 0 1 0 0 0 1
1  8.86674e-06  0.000903077 0.200005 0.999395  -0.0347696  -0.000491142 -0.264055
4.61154e-05  -0.999149  -0.0412547 -0.179126 -0.0347724  -0.999192  -0.0201475 -0.215601
0.000901943  0.0412548  -0.999148 1.04459 0.000209774  0.0201524  -0.999797 1.00843
0 0 0 1 0 0 0 1
0.951792  0.235414  0.196653 0.0181592 0.94779  -0.314336  0.05373 -0.406943
0.301714  -0.834109  -0.461769 -0.106505 -0.248762  -0.834198  -0.49217 -0.0509652
0.0553232  0.498841  -0.864926 0.953998 0.199528  0.453108  -0.868839 1.00022
0 0 0 1 0 0 0 1
0.887656  -0.460114  0.0190211 0.236529 0.896307  0.318663  -0.308362 0.00673192
-0.337407  -0.621708  0.706849 0.0238849 0.443212  -0.621808  0.645692 0.135174
-0.313405  -0.633857  -0.707109 0.889461 0.0140164  -0.715408  -0.698566 0.709188
0 0 0 1 0 0 0 1
0.97165  -0.202413  0.122165 0.19797 0.954625  0.297727  0.00708419 -0.316048
-0.235896  -0.864471  0.443895 -0.131762 0.266419  -0.864385  0.426449 -0.0996836
0.015758  -0.460129  -0.887712 1.01474 0.133089  -0.405212  -0.904484 1.11359
0 0 0 1 0 0 0 1
0.929393  -0.349281  0.119293 0.0627177 0.971231  0.234538  -0.0412513 -0.265691
-0.363381  -0.809277  0.461546 0.106755 0.218568  -0.80917  0.545409 -0.0456245
-0.0646678  -0.472307  -0.879059 0.958784 0.0945401  -0.538735  -0.837154 0.847239
0 0 0 1 0 0 0 1
0.988184  -0.073665  0.134412 0.0392802 0.987446  0.102359  0.120305 -0.450662
-0.0937846  -0.984214  0.150092 0.235823 0.0829612  -0.984196  0.15645 0.224483
0.121234  -0.160924  -0.979493 1.01799 0.134418  -0.144505  -0.980332 1.05045
0 0 0 1 0 0 0 1
0.970761  -0.218013  -0.10047 0.323747 0.991334  -0.0904992  -0.0952215 -0.138922
-0.214599  -0.975722  0.043747 0.238129 -0.0690911  -0.975685  0.208003 -0.0610248
-0.107568  -0.020907  -0.993978 1.05684 -0.11173  -0.199621  -0.973482 0.92073
0 0 0 1 0 0 0 1
0.945262  -0.314615  0.0865845 0.148393 0.907524  0.387804  -0.161271 -0.215864
-0.294899  -0.71005  0.639425 -0.0896024 0.4058  -0.710623  0.574753 0.0272669
-0.139693  -0.629957  -0.763963 0.961225 0.108288  -0.587046  -0.802279 0.912232
0 0 0 1 0 0 0 1
0.875531  0.396633  0.275912 0.137126 0.880242  -0.454479  -0.136467 -0.196257
0.462687  -0.523801  -0.71523 0.0317691 -0.388039  -0.523869  -0.758279 0.110562
-0.139161  0.753867  -0.642121 0.85596 0.273131  0.720423  -0.637487 0.960056
0 0 0 1 0 0 0 1
0.9469  -0.31586  0.0601007 0.00196039 0.835739  0.478872  -0.26874 -0.287825
-0.24832  -0.599677  0.760739 -0.146979 0.534956  -0.599548  0.595285 0.15484
-0.204246  -0.735269  -0.646269 0.941683 0.123943  -0.641267  -0.757242 0.759864
0 0 0 1 0 0 0 1
0.919696  0.344625  0.188131 0.115082 0.924772  -0.373081  -0.0748814 -0.293472
0.384804  -0.695955  -0.606278 0.127185 -0.332381  -0.696178  -0.636285 0.182573
-0.0780085  0.629985  -0.77268 0.971529 0.185255  0.613308  -0.767811 0.97931
0 0 0 1 0 0 0 1
0.974371  0.223096  0.0287967 0.0627421 0.991841  -0.125438  -0.022724 -0.312308
0.222331  -0.935654  -0.274083 0.0130287 -0.125887  -0.935687  -0.329609 0.114853
-0.0342029  0.273461  -0.961275 1.03163 0.0200828  0.329781  -0.943844 0.862184
0 0 0 1 0 0 0 1
0.905722  -0.398103  0.14554 -0.00847975 0.919192  0.361377  -0.156502 -0.259943
-0.390513  -0.650191  0.65173 -0.0321751 0.368775  -0.650436  0.664031 -0.0552701
-0.164826  -0.647121  -0.744357 0.937708 0.138171  -0.668086  -0.731142 0.746925
0 0 0 1 0 0 0 1
0.894725  -0.443623  0.051624 0.1218 0.920042  0.306002  -0.244713 -0.0633948
-0.363751  -0.656764  0.660565 0.0910295 0.390099  -0.656938  0.645178 0.118863
-0.259137  -0.609802  -0.748992 0.880343 0.0366649  -0.689054  -0.723782 0.664061
0 0 0 1 0 0 0 1
0.929225  -0.35073  0.116319 0.0336885 0.938666  0.326159  -0.111924 -0.204021
-0.350293  -0.735898  0.579439 0.172478 0.326474  -0.736101  0.592933 0.147445
-0.117628  -0.579175  -0.806672 0.886383 0.111003  -0.593106  -0.797435 0.775106
0 0 0 1 0 0 0 1
0.973794  -0.209405  0.0887352 0.236666 0.996809  -0.00187058  0.0798031 -0.31365
-0.218036  -0.970559  0.102352 -0.0493151 -0.0210045  -0.970642  0.239612 -0.300576
0.0646897  -0.119017  -0.990783 1.03591 0.077012  -0.240523  -0.967583 1.12522
0 0 0 1 0 0 0 1
0.91683  0.349303  0.193416 0.0686532 0.888697  -0.437157  -0.138243 -0.302127
0.380159  -0.615573  -0.690325 0.154315 -0.407666  -0.615417  -0.674589 0.125632
-0.122071  0.706439  -0.697167 0.955965 0.209824  0.655863  -0.725133 0.930867
0 0 0 1 0 0 0 1
0.976466  0.185236  0.110462 0.115828 0.992955  -0.0872129  0.0802185 -0.379132
0.203682  -0.960435  -0.189941 0.0208057 -0.0624083  -0.960379  -0.271619 0.169576
0.070908  0.20797  -0.975562 1.03244 0.100729  0.264699  -0.959056 1.05072
0 0 0 1 0 0 0 1
0.921428  -0.376715  0.0951667 0.259608 0.96886  0.233429  -0.08259 -0.131426
-0.372721  -0.787773  0.4904 0.0477625 0.238223  -0.787784  0.56802 -0.0936018
-0.109771  -0.487339  -0.866286 0.956938 0.0675294  -0.570006  -0.81886 0.956925
0 0 0 1 0 0 0 1
0.944833  0.300894  0.129433 0.214302 0.960108  -0.278158  -0.0286571 -0.22065
0.325261  -0.815209  -0.479208 -0.0283523 -0.251819  -0.815513  -0.521081 0.0485642
-0.0386757  0.494871  -0.868105 0.961949 0.121572  0.50751  -0.853026 1.03572
0 0 0 1 0 0 0 1
0.979096  0.186683  -0.0807505 0.291164 0.966705  -0.206837  -0.150665 -0.101594
0.14507  -0.919202  -0.36609 -0.0968162 -0.244733  -0.919287  -0.308248 -0.20206
-0.142569  0.346722  -0.927069 1.00775 -0.0747477  0.334857  -0.939299 0.8962
0 0 0 1 0 0 0 1
0.91918  -0.340906  0.197211 0.217735 0.980493  0.179225  0.0806912 -0.27652
-0.391127  -0.848821  0.355699 0.160284 0.112669  -0.848889  0.516423 -0.133118
0.0461368  -0.404086  -0.913557 0.949034 0.161054  -0.497258  -0.852524 1.09605
0 0 0 1 0 0 0 1
0.926693  -0.370057  0.0655635 0.259353 0.896927  0.380018  -0.22607 -0.05219
-0.312378  -0.661451  0.681837 0.0379022 0.434325  -0.661227  0.61167 0.166508
-0.208952  -0.652334  -0.72856 0.885199 0.0829618  -0.646812  -0.758124 0.890073
0 0 0 1 0 0 0 1
0.910848  0.383781  0.151881 0.144697 0.906237  -0.389321  -0.164815 -0.0904955
0.379517  -0.634114  -0.673696 -0.15086 -0.393522  -0.634317  -0.665419 -0.165827
-0.162242  0.671277  -0.723232 0.815485 0.154517  0.667885  -0.728048 0.841695
0 0 0 1 0 0 0 1
0.873951  -0.33414  0.352932 -0.00961484 0.82882  0.547209  -0.116701 -0.39532
-0.477587  -0.455788  0.751111 -0.12255 0.411932  -0.455633  0.789121 -0.191945
-0.0901139  -0.82499  -0.557917 0.885803 0.378642  -0.702112  -0.60305 0.984063
0 0 0 1 0 0 0 1
0.917946  -0.265303  0.29494 0.0664714 0.934439  0.334859  0.121211 -0.489595
-0.380587  -0.798721  0.466045 -0.0865071 0.213138  -0.798543  0.56294 -0.262852
0.111932  -0.540054  -0.834154 0.981003 0.285298  -0.500199  -0.817561 1.14532
0 0 0 1 0 0 0 1
0.912921  0.354872  0.201596 0.235569 0.986217  -0.11626  0.117731 -0.319381
0.401133  -0.871271  -0.282808 -0.076094 -0.0441947  -0.870777  -0.489688 0.299977
0.0752845  0.339048  -0.937752 0.980321 0.159448  0.477736  -0.863913 1.13504
0 0 0 1 0 0 0 1
0.917641  -0.39614  -0.031758 0.192085 0.931059  0.264689  -0.251137 -0.0553893
-0.301789  -0.746611  0.592871 0.0536574 0.362685  -0.746581  0.557742 0.117963
-0.25857  -0.534458  -0.804671 0.938476 -0.0398662  -0.610374  -0.791109 0.694627
0 0 0 1 0 0 0 1
0.898844  0.338055  0.278922 0.112155 0.969171  -0.177104  0.171292 -0.432019
0.418218  -0.851891  -0.315239 -0.188158 -0.0638316  -0.851958  -0.519705 0.185267
0.131043  0.400001  -0.907098 0.951166 0.237976  0.492749  -0.836998 1.11323
0 0 0 1 0 0 0 1
0.94996  -0.302757  -0.0769077 0.288813 0.945968  0.24121  -0.216708 -0.0723032
-0.226967  -0.838145  0.495983 -0.0308802 0.315576  -0.838466  0.444281 0.0624712
-0.214622  -0.453708  -0.86492 1.00496 -0.0745371  -0.488664  -0.869283 0.828094
0 0 0 1 0 0 0 1
0.944052  -0.326951  -0.0432228 0.146522 0.865141  0.399465  -0.303246 -0.166795
