-0.498319613564032    0.0227620369973776    0.866694555428338    -0.901728116166497
-0.0160063414521753    -0.999726462742414    0.0170527629977714    -0.0212290877552187
0.866845637798744    -0.00537488272167880    0.498547641519863    0.345183360677709
0    0    0    1
-0.503818041647101    0.0259363074487829    0.863420343092982    -0.910331907498368
-0.0177538478610752    -0.999648906813129    0.0196688584682197    -0.0368587179310605
0.863627339653514    -0.00541950765653773    0.504101623821779    0.340251881221496
0    0    0    1
-0.509659197436555    0.0385299526600995    0.859513202467732    -0.901241009878042
-0.0260112788820821    -0.999230128994090    0.0293694174503325    -0.0493771396316306
0.859983090437971    -0.00738864388530404    0.510269038941509    0.350124232151356
0    0    0    1
-0.497596727668496    -0.00430960229842203    0.867397788757634    -0.894315418254292
-0.00308360304342650    -0.999972550058126    -0.00673724888357994    0.00840791065329923
0.867403013602025    -0.00602714345923206    0.497569779564481    0.347553862264771
0    0    0    1
-0.506330229340034    -0.00259589262781399    0.862335758389928    -0.910793951635764
-0.00923831728800855    -0.999921753702589    -0.00843445113949679    0.00263169954959570
0.862290178739242    -0.0122371489246204    0.506266629194580    0.337282811038586
0    0    0    1
-0.502909170486131    0.00885299012615917    0.864293926165617    -0.906891161949994
-0.00249398612860286    -0.999958244601222    0.00879142122934518    -0.0134554434224872
0.864335667593407    0.00226574929495139    0.502910250547739    0.341406003623032
0    0    0    1
-0.500791976151220    0.0195042442250143    0.865347895981592    -0.904422737693002
-0.0169234095848932    -0.999775616775182    0.0127402633342704    -0.0228141514765016
0.865402215637664    -0.00826441522526580    0.501009685146312    0.341709531428976
0    0    0    1
-0.498280370038050    0.0227905838653797    0.866716367747730    -0.901373030688662
-0.0149852309240214    -0.999731515062520    0.0176731617135294    -0.0212327329312731
0.866886449132121    -0.00418175535796913    0.498488111426169    0.344816884220739
0    0    0    1
0.00100396951844034    -0.0224257398822967    -0.999748007367826    -0.202489969210014
0.00483763222863599    -0.999736703820101    0.0224303443874761    0.00101075531428045
-0.999987794605328    -0.00485893256301035    -0.000895217695095651    -0.247083669214356
0    0    0    1
-0.00956889905559993    -0.0272680213802164    -0.999582358378175    -0.218805621273987
0.00438284571683435    -0.999619665991850    0.0272270825790358    0.0140872979122940
-0.999944611883222    -0.00412048205326368    0.00968477120858141    -0.249973874295589
0    0    0    1
-0.0144906203692556    -0.0346217249557668    -0.999295430832344    -0.209635787064151
0.00721302655490450    -0.999377977814538    0.0345199899658226    0.0145790802602817
-0.999868988502609    -0.00670772840904318    0.0147313343033875    -0.264964179895129
0    0    0    1
0.00101213062855920    0.00431337489043080    -0.999990185146157    -0.192405073597048
0.00593914149362623    -0.999973086563890    -0.00430728989109896    0.000848141526492591
-0.999981850930260    -0.00593472366179565    -0.00103772113243539    -0.247995545966845
0    0    0    1
-0.00728314652615303    0.00396943833630298    -0.999965599076275    -0.218577970077142
0.00885319936083269    -0.999952673263524    -0.00403386839270997    0.00119986625029981
-0.999934286159724    -0.00888227405716808    0.00724765960965490    -0.248185283461690
0    0    0    1
-0.00441947240900920    -0.00695608127266202    -0.999966040021837    -0.210636566814029
-0.00280474091472031    -0.999971786200619    0.00696851714095748    0.00139048382533128
-0.999986300752179    0.00283544283501626    0.00439983771314967    -0.249448980360534
0    0    0    1
-0.00243388188492055    -0.0166907988488374    -0.999857736606943    -0.205304193440197
0.00566560134470339    -0.999844880739376    0.0166767928771207    0.00386661829432131
-0.999980988409467    -0.00562420599295018    0.00252806775536418    -0.245986933782190
0    0    0    1
0.00190974510209763    -0.0220304707867529    -0.999755475719217    -0.201024075239695
0.00367775597424971    -0.999750382757565    0.0220373838532812    0.000150885560804387
-0.999991413455455    -0.00371894245949206    -0.00182824570124007    -0.247000913170662
0    0    0    1
