0.999601249240441	-0.0207899405595907	0.0191081367087121	0.269553722080613
-0.0201733112207264	-0.999286958889164	-0.0319156906307631	-0.109261984901836
0.0197580371328194	0.0315174898362091	-0.999307894396458	0.561954422619431
0	0	0	1
0.994742149727299	-0.0376610230962397	0.0952349877684477	0.170985265764962
-0.0329501387450941	-0.998177114336863	-0.0505641846647682	-0.104012773915211
0.0969656842011179	0.0471603196922819	-0.994169784460346	0.595424705896223
0	0	0	1
0.986542201680665	-0.0621702553429382	0.151226134162253	0.0616152064116845
-0.0511201809170798	-0.995804586411486	-0.0758943527863184	-0.0805700243799956
0.155310049275862	0.0671422745551787	-0.985581403822884	0.624963505952023
0	0	0	1
0.977364749160799	-0.100715995188442	0.186049550956325	-0.0346773072630953
-0.0803078539819577	-0.990210799058465	-0.114163137731969	-0.0502020252293837
0.195726328547442	0.0966377863012060	-0.975885414673332	0.639584104152395
0	0	0	1
0.993553259097627	0.0336850238030365	0.108246203203031	0.125082004112261
0.0350354009895645	-0.999329887533218	-0.0105970071410299	-0.0823893715873446
0.107816705634996	0.0143211401164672	-0.994067634988576	0.705701406721731
0	0	0	1
0.983650288075968	0.0524109925812749	0.172293930899239	0.0627526243999762
0.0501766236542273	-0.998590496415007	0.0173010666807627	-0.0771296085989639
0.172957848063418	-0.00837307149591516	-0.984893636118640	0.730039777219542
0	0	0	1
0.947784948441540	0.318603903887643	-0.0139729715960143	0.348083850063668
0.318695770840178	-0.944631897130909	0.0781254412560020	-0.0361044855179639
0.0116917559098081	-0.0784992442665120	-0.996845610660614	0.642644332499839
0	0	0	1
0.967980969854580	0.240869213530338	-0.0706743515899867	0.391172177274199
0.242037280546323	-0.970231199499049	0.00832912626744068	-0.0155809623238752
-0.0665642308235363	-0.0251682635856135	-0.997464666884475	0.632110888442833
0	0	0	1
0.938441746188360	0.344882970758501	0.0195659268048720	0.310423090942363
0.343226613536838	-0.937336581078534	0.0599635350195502	0.0387440064622552
0.0390202610316355	-0.0495567377134276	-0.998008792033530	0.678415775244166
0	0	0	1
0.953058014608904	0.286041825393489	0.0993000247497251	0.249892913290789
0.273899930324429	-0.954247420062610	0.119961199861150	-0.0609167139698268
0.129070713014255	-0.0871317131096058	-0.987799987655688	0.730368510907176
0	0	0	1
0.963605206268189	0.233364221143486	0.130407617656850	0.217767974428562
0.227765402795777	-0.972073962999532	0.0565254964388872	0.00308535466887720
0.139956878152232	-0.0247659190921555	-0.989847827450968	0.770519447505660
0	0	0	1
0.931202837858449	0.252530349653657	0.262849191111888	0.0749804663773602
0.227533655973087	-0.966088375044937	0.122072466193461	-0.0407951522570172
0.284762550494079	-0.0538671895204742	-0.957083390164761	0.783699283816788
0	0	0	1
0.999520041576271	0.0127380941510695	0.0282387578474618	0.332903475799533
0.0147522758474885	-0.997273385393293	-0.0723060519148942	-0.0791410578092259
0.0272407203408554	0.0726879339615472	-0.996982651509901	0.758972821663716
0	0	0	1
0.934043902165224	0.0289407956960115	0.355983734421173	0.0227546858267783
0.0477118953266942	-0.997888834947645	-0.0440618670867014	-0.0178105877063365
0.353957008508515	0.0581403769450567	-0.933452801536526	0.657522141738516
0	0	0	1
0.996352708192387	-0.0707877453234350	0.0476484626165382	0.444547155499021
-0.0645983935902196	-0.990569096244347	-0.120830100187086	-0.0349836637648154
0.0557523849109452	0.117311383410489	-0.991528976328508	1.07991350002553
0	0	0	1
0.996439403483777	-0.0564710669717795	-0.0626061800460867	0.532887793439650
-0.0646119973336625	-0.988498441419625	-0.136733759955346	-0.0529866794555689
-0.0541646100830516	0.140292016544207	-0.988627505741425	0.928753366801675
0	0	0	1
0.988105213940743	-0.0924422802382187	-0.122892273994240	0.579808846697916
-0.110936746730332	-0.981924686794036	-0.153352364472555	-0.0774655404642052
-0.106494715399436	0.165161539980687	-0.980500148548281	0.870257844476015
0	0	0	1
0.971608646264202	-0.131540926337163	-0.196656103904778	0.672750082643254
-0.175968819428930	-0.957385200870280	-0.229016487929063	-0.000237685868051802
-0.158150602570569	0.257119742246555	-0.953350840485092	0.879619797317281
0	0	0	1
0.987241297096975	-0.0665454271891366	-0.144659349599316	0.672469142461635
-0.0964206323283981	-0.972823183099199	-0.210518683460957	0.0314002026690811
-0.126718913220063	0.221780884083724	-0.966827573297001	0.964574118824160
0	0	0	1
0.984633199745774	0.0752332589294479	-0.157598917221069	0.634149792541860
0.0491716111870634	-0.985370575125107	-0.163177762979166	0.0630076814926212
-0.167569730594958	0.152920850208437	-0.973927922877182	0.885493460366310
0	0	0	1
0.971169965042212	-0.142589106099377	0.191042523595374	0.00484771735110047
-0.122175691180090	-0.985854734349238	-0.114732485573446	-0.0589389796293794
0.204699778907002	0.0880839916385160	-0.974853430487091	0.580143523874516
0	0	0	1
0.976826239559770	0.177864869720804	0.119057069620919	0.217726498770528
0.164251271081648	-0.979594205186289	0.115830536187593	-0.0718901117367721
0.137229798715810	-0.0935910320738263	-0.986107854679078	0.623005831563259
0	0	0	1
0.981387564088336	0.159819959377414	0.106470792414466	0.247879074295958
0.158034157419327	-0.987115629038414	0.0250587309507241	-0.000704085778453721
0.109103868591018	-0.00776630495788801	-0.994000015274535	0.609691883867061
0	0	0	1
0.968687192333689	-0.0251219823347475	0.247010140302471	0.0412034536894198
-0.0212418975822759	-0.999605752192852	-0.0183608815165746	-0.0200398498955988
0.247374018837424	0.0125389866629735	-0.968838928108118	0.531904646204643
0	0	0	1
0.968522159648694	-0.0743124037561498	0.237576288626226	-0.0231924478912276
-0.0608173491311499	-0.996117637714397	-0.0636466957425790	-0.0298057937618747
0.241383670355077	0.0471944751244420	-0.969281489147316	0.478650362982614
0	0	0	1
0.961667555280713	-0.00848909921576763	0.274086570840167	-0.0221841457361071
0.00391674894769973	-0.998993512486773	-0.0446835661851270	-0.0170780717567418
0.274190029355733	0.0440442641423919	-0.960666399224027	0.536550288043599
0	0	0	1
0.981022344343638	0.0665996491124959	0.182097903987399	0.242578082325445
0.0677072358516506	-0.997705223050305	0.000134578861723350	-0.00691910811423905
0.181688992819709	0.0121973208629391	-0.983280395030800	0.930391385284926
0	0	0	1
0.986358547277598	0.0757272501032918	0.146158132870603	0.325041607220284
0.0798628066613574	-0.996548969780169	-0.0226292497059722	0.0155972689057784
0.143940085885059	0.0339931525733947	-0.989002384857349	0.903986229075829
0	0	0	1
0.991490056907328	0.0795507149405427	0.103049263977729	0.388103405323815
0.0841578078505808	-0.995602289263854	-0.0411527033177489	0.0221789857406789
0.0993223561525193	0.0494748963113868	-0.993824584221627	0.860121814241110
0	0	0	1
0.998066822347370	-0.0444036133102267	0.0434849083524186	0.237973921402484
-0.0385124222803493	-0.991023239692748	-0.128022387569479	-0.0654442813484397
0.0487792113458432	0.126100188397503	-0.990817506419114	0.574122984408780
0	0	0	1
0.993555150866068	-0.00911600132596702	0.112982568156903	0.134562016653659
0.00146262328612934	-0.995646715652273	-0.0931959137728978	-0.0526967537859986
0.113340296984908	0.0927605311038456	-0.989216589503383	0.594212584498556
0	0	0	1
0.986496161909860	-0.0207949867007034	0.162458890385335	0.0195909633723439
-0.00214989590760154	-0.993465753233923	-0.114110363678949	-0.0260261401012576
0.163770267401330	0.112220166099828	-0.980094859610958	0.730845287201272
0	0	0	1
0.991379126019801	0.0316360446607575	0.127147902737081	0.285981476536338
0.0493659275023035	-0.989087717516510	-0.138810994736795	-0.0448886631837382
0.121368998076333	0.143891096792692	-0.982122659635620	0.630993582093660
0	0	0	1
0.987288018682834	-0.0285793218731205	0.156350857134193	0.145285522837740
-0.00418730778981584	-0.988036731801901	-0.154161872924832	-0.0301462597891711
0.158886231684176	0.151547480914370	-0.975596497743668	0.654547158546907
0	0	0	1
0.989551443437153	0.00310961522445770	0.144146699874132	0.102129610195059
0.0155053353981919	-0.996264525531209	-0.0849504546324789	-0.0925647465784813
0.143344080329942	0.0862978879303027	-0.985903214911653	0.664607800553413
0	0	0	1
0.962093545504324	0.175186460381830	0.209011276724016	0.116814980128286
0.173535421040358	-0.984474812013734	0.0263591000390117	-0.0504965407821754
0.210384094796312	0.0109109398956491	-0.977557918512929	0.709559811515198
0	0	0	1
0.995546317840374	-0.0937767114518258	0.00966733798700771	0.494847219200124
-0.0933113711249005	-0.994803948449812	-0.0407196778898908	-0.0805913936974528
0.0134356634843660	0.0396362528242313	-0.999123841377428	0.739983522314902
0	0	0	1
0.982631120887595	-0.113593740551735	0.146739709590330	0.265038227931134
-0.109298238783153	-0.993318722803479	-0.0370379525212548	-0.0627206358869443
0.149966580484087	0.0203562529835676	-0.988481485766111	0.843811266052053
0	0	0	1
0.981611590742192	-0.0607594969188447	0.180961234674041	0.139432962191475
-0.0601315502594217	-0.998150253292053	-0.00895926985919359	-0.0919241275166828
0.181170862955341	-0.00208695643943748	-0.983449420676446	0.574982020215032
0	0	0	1
0.929093726184231	-0.348469956504207	0.123909391811338	0.0850940807655686
-0.340478020395471	-0.936723825338959	-0.0813829998828199	-0.113641554049799
0.144428409922288	0.0334240101768491	-0.988950590247570	0.615133046101981
0	0	0	1
0.995292010337634	0.0740134093562880	0.0625765882222056	0.151787648665741
0.0766616050200370	-0.996212544706985	-0.0410312574044060	0.0162970066529059
0.0593027189412493	0.0456353043585043	-0.997196373099241	0.593261689360472
0	0	0	1
0.879069677040512	0.467660300439482	0.0923598738670854	0.0403654106627883
0.476461397654787	-0.868035207783550	-0.139640304328718	0.0389854034487782
0.0148673956272493	0.166759471818016	-0.985885510141131	0.663647261490699
0	0	0	1
0.932837294321904	-0.360284708533468	-0.00308401023732127	0.00333009981671145
-0.359839047301737	-0.931183284118459	-0.0584256058191980	-0.106308010915147
0.0181780735824174	0.0556113313571652	-0.998287001550915	0.722707299140319
0	0	0	1
0.948579270982693	-0.316201088130656	-0.0146368892505381	0.0610809319946637
-0.316539673206340	-0.947571057534010	-0.0437232913937410	-0.124547757489703
-4.41403107858815e-05	0.0461081640153614	-0.998936452064277	0.725811755543204
0	0	0	1
0.995490890354676	0.0779568046003625	0.0540427963502624	0.0569043303861360
0.0796087789147089	-0.996400830708144	-0.0291174669885626	-0.0751282109641989
0.0515783824927076	0.0332884541638978	-0.998113996134116	0.720057798146019
0	0	0	1
0.963656532437228	-0.0777319401732529	0.255585275334788	-0.00388622843346093
-0.0597776974725299	-0.995214803939537	-0.0772924375632646	-0.0406689688853221
0.260370340814657	0.0592050630984403	-0.963691883398200	0.583902762793709
0	0	0	1
0.981677679070423	0.153863089528432	0.112405889950986	0.117273094330904
0.170166290380591	-0.973340058378810	-0.153793902262877	-0.0218564174896011
0.0857459505342149	0.170103734338493	-0.981688520627130	0.683830838387431
0	0	0	1
0.969493211937965	0.0468218488885620	0.240604709997257	0.0626892246478359
0.0539974195355783	-0.998268881403958	-0.0233134961768773	-0.0591792901371036
0.239096613714427	0.0355943097579823	-0.970343163227910	0.591772240158388
0	0	0	1
0.960402100859983	0.0447083551148943	0.275007213808387	0.0515742856671397
0.0577844262365251	-0.997542296162887	-0.0396273573505714	-0.0476621540903379
0.272559653559082	0.0539493313118411	-0.960625163579821	0.629947454947187
0	0	0	1
0.967418294318452	0.0713186073576473	0.242931060308360	0.0669904328633911
0.0618121983813892	-0.997002044044965	0.0465421991468099	-0.0749354105370197
0.245522088515958	-0.0300096720196549	-0.968926376788265	0.734902187251386
0	0	0	1
0.962240699501192	0.0743806598542064	0.261840320926917	0.0427497072162922
0.0841836540602468	-0.996100295228951	-0.0264067081224244	0.0216709537814432
0.258855072603422	0.0474522842911811	-0.964749880592387	0.749531455125288
0	0	0	1
0.985412047420514	-0.124836543028128	0.115667343374429	0.240602339381935
-0.112076736602028	-0.987486760042912	-0.110944598122637	-0.0989189968510649
0.128069910248861	0.0963625252094419	-0.987072622365806	0.828496960310483
0	0	0	1
0.982915397381800	-0.107863932230308	0.149139846163240	0.0923868653984134
-0.0928961873969017	-0.990235697351799	-0.103940184997506	-0.0754410837287568
0.158894996638972	0.0883098851432360	-0.983338062026020	0.763813503009337
0	0	0	1
0.990390548942800	-0.107480406923819	0.0870317338231898	0.230123516756345
-0.0936198686439651	-0.984225981310794	-0.150115082213253	-0.0284706442821062
0.101793323748992	0.140524659189393	-0.984830411492170	0.766677069774261
0	0	0	1
0.993463289641521	0.00175909485214532	0.114138502355464	0.167629067532779
0.00685668475471043	-0.998995441403139	-0.0442842401980985	-0.0521112230985826
0.113945943362726	0.0447773786755045	-0.992477359112100	0.540301421721736
0	0	0	1
0.983341163313176	-0.0106183309327732	0.181459107189726	0.182467176916715
0.00114358082392936	-0.997911145990579	-0.0645913069280210	0.0126056894327806
0.181765917478469	0.0637228040498281	-0.981274964261923	0.631357925492224
0	0	0	1
0.939742079746359	-0.0420544725250904	-0.339287849612426	0.380805481662996
-0.0961024017963552	-0.984884986620799	-0.144103752546280	0.00598618150415881
-0.328099301923914	0.168026737365171	-0.929579401453935	0.678915539058821
0	0	0	1
0.965139550180071	-0.0385265841157927	-0.258884821869842	0.344164700812035
-0.0761002835179266	-0.987681985549598	-0.136722500961966	-0.00352108194407683
-0.250428423959226	0.151657501420709	-0.956182831228487	0.685296025389096
0	0	0	1
0.993238465609024	-0.00681117816627385	-0.115892011314930	0.179280893885343
0.000687907462296578	-0.997914571387823	0.0645448293450410	-0.113726211171280
-0.116089953130992	-0.0641881302410689	-0.991162452233840	0.663657398327464
0	0	0	1
0.975453080951147	-0.0915431713990669	-0.200277643867498	0.241969383505312
-0.0977107287258435	-0.994990972801910	-0.0211087075533658	-0.129941322633510
-0.197342089668626	0.0401598283476156	-0.979511759925480	0.615138906301095
0	0	0	1
0.967542403943665	-0.0187219534604809	-0.252014255607770	0.292670233645468
-0.0399070488939461	-0.996058344626610	-0.0792161697399926	0.00777584778621264
-0.249537820819792	0.0867021485219525	-0.964475823140314	0.614259346901219
0	0	0	1
0.970852896326360	-0.235899554201371	0.0423798775636759	0.219415277466251
-0.224304067135966	-0.956574264782670	-0.186154133507042	-0.0579737468039539
0.0844531773291064	0.171222300776179	-0.981606124958443	0.582099464311867
0	0	0	1
0.980430873450543	0.180233989868047	-0.0791897170171100	0.489164392000061
0.183805969757401	-0.982134134559996	0.0403473321748695	-0.0936859730048023
-0.0705029635302423	-0.0541133128567506	-0.996042710683192	0.681076648024731
0	0	0	1
0.942396184604158	0.331733185391877	-0.0429246427275164	0.424393426840079
0.333925056366407	-0.940514237197126	0.0626659904589432	0.00936180888801716
-0.0195828489811468	-0.0733898040552423	-0.997111051331052	0.706827823381003
0	0	0	1
0.996012390260296	0.0724413830796285	-0.0520726844466687	0.467598100450380
0.0663514937722374	-0.991665873954257	-0.110436740755652	-0.0468400864344655
-0.0596388943740960	0.106541261734827	-0.992518091435006	0.645484144658219
0	0	0	1
0.954731009932726	0.281958054860766	0.0948069299786147	0.337821997706881
0.283211181367874	-0.959057540140720	0.000247885951397739	0.0344074077614243
0.0909951944942669	0.0266137182363787	-0.995495647695451	0.739505825995194
0	0	0	1
0.932694993021185	0.342390304686846	0.113353117511875	0.281216368268091
0.343367142638764	-0.939132000452321	0.0114057477840083	0.102391765473755
0.110358757465382	0.0282836522194415	-0.993489295195387	0.754701187492963
0	0	0	1
0.942529419292078	0.333805466386553	0.0145672365050532	0.353109219200452
0.334072946937037	-0.940735742107271	-0.0584083011796075	0.114584714092506
-0.00579309017207172	0.0599180618206242	-0.998186488575115	0.719605653054043
0	0	0	1
0.931988297395600	0.362207532266758	0.0142659414997739	0.231565019838369
0.362409895594643	-0.931883501017169	-0.0158810612700460	0.0772584838014172
0.00754195549771463	0.0199710816233977	-0.999772111436432	0.720674968830082
0	0	0	1
0.933337899152487	0.256355581789400	0.251320873966010	0.101518631965376
0.273582370005161	-0.961190843429358	-0.0355647202985895	0.0417210739263848
0.232450108255470	0.101950861658821	-0.967250210120961	0.775163338413999
0	0	0	1
0.999228164055594	0.0344885936874687	-0.0188046021905860	0.373001700023781
0.0306387239819182	-0.983848023691206	-0.176364210858291	-0.0313259679181891
-0.0245834243108102	0.175651937604937	-0.984145340925204	0.705173676954627
0	0	0	1
0.969356258326312	-0.0691489576544962	-0.235726252460154	0.544490806996150
-0.0694534303220066	-0.997560484204534	0.00702149343960009	-0.0508083127045013
-0.235636723496397	0.00956566824183555	-0.971794130734987	0.799365211873756
0	0	0	1
0.958134922658152	0.285296069100612	0.0241582892315569	0.247894506791084
0.280868269047175	-0.952931941687477	0.114165362322285	-0.0487560056099938
0.0555921345632703	-0.102600523719294	-0.993167985341466	0.830753504002937
0	0	0	1
0.955446603091528	0.292902376028320	0.0364689835041159	0.245897560036591
0.289993538675911	-0.954542063297435	0.0689434327699059	0.0368156659276586
0.0550048740302329	-0.0552959990672039	-0.996953768396548	0.902387845145207
0	0	0	1
0.959769881610433	0.278221607943665	0.0378749419370944	0.255895721625732
0.277312755492451	-0.960384708901263	0.0275471695428214	0.105947943484195
0.0440387328914094	-0.0159357391381240	-0.998902719099032	0.909396480856959
0	0	0	1
0.992868357863879	0.118708795259803	0.0109838918717421	0.354827026507498
0.118081251133025	-0.991917151484144	0.0464454811843099	-0.0439830794773176
0.0164085978542793	-0.0448172569391383	-0.998860436395850	0.610488460270323
0	0	0	1
0.987325067701786	0.0815865593055095	-0.136135388596617	0.362368947416615
0.0685372833148661	-0.992829583365660	-0.0979390585506540	-0.0448944079746903
-0.143149751950470	0.0873673379167479	-0.985837256742643	0.597544825845006
0	0	0	1
0.965973731377916	0.136965772478292	-0.219397191087875	0.445885186949927
0.129239241268158	-0.990389107848831	-0.0492608726153601	-0.0482949699002084
-0.224035641816778	0.0192299824186294	-0.974391214539583	0.603765050368078
0	0	0	1
0.996175324402523	0.0848098608371437	0.0210240470964372	0.285959895851185
0.0868929345771057	-0.986842799363967	-0.136348477307483	0.0151037675885503
0.00918373410480428	0.137653829762469	-0.990437823479908	0.605803591571667
0	0	0	1
0.872973088609131	0.484642929054568	-0.0551291019484586	0.158490756888589
0.481725568115527	-0.874369289980636	-0.0584706914832704	-0.00274805924771223
-0.0765406009122416	0.0244862421814422	-0.996765749991353	0.694845980795091
0	0	0	1
0.738401981873373	0.671702058158527	-0.0598235591642212	0.173091393092152
0.664207600803584	-0.739753053589026	-0.107673965007606	0.0887015289088154
-0.116579484473994	0.0397714064537821	-0.992384733371320	0.699954856088012
0	0	0	1
0.832149556627448	0.533997284422382	-0.149579462608547	0.245959844329580
0.526991701740818	-0.845458380469226	-0.0864862601265062	-0.0576252246834630
-0.172646638255882	-0.00685763252691707	-0.984959954097154	0.682555426588974
0	0	0	1
0.820994258245243	0.570090309432885	-0.0310719651625008	0.139323942761735
0.568016306656280	-0.821081933390851	-0.0564086343718793	-0.0247778972617139
-0.0576706450536306	0.0286617820426119	-0.997924144887396	0.779659319907569
0	0	0	1
0.840395599437980	0.541949927213668	0.00505102349799551	0.125247084199779
0.541022839357767	-0.838333356842848	-0.0670184310310346	0.0100524601137946
-0.0320861923346770	0.0590547135942676	-0.997738952363673	0.795826877479023
0	0	0	1
0.868228870035123	0.484870489567569	0.105257957343083	0.189818346754858
0.494317314412917	-0.863594717753182	-0.0992701170564612	0.0775072736184681
0.0427670657063797	0.138220012354608	-0.989477744204264	0.705634726608429
0	0	0	1
0.930118095878557	-0.221159147285712	-0.293204637226468	0.568248550893735
-0.238999529121247	-0.970671385923103	-0.0260054923034633	-0.131699678900115
-0.278853999073117	0.0942639492169738	-0.955695953260737	0.881435312744056
0	0	0	1
0.949376562062369	-0.198522859297731	-0.243460094764809	0.418482441654475
-0.204088073297444	-0.978949557693317	0.00241284682417380	-0.164725402953445
-0.238814157336565	0.0473966014426457	-0.969907913374931	0.846144148634083
0	0	0	1
0.968473325576336	-0.191192945338236	-0.159701832487927	0.223545486883261
-0.192759080962263	-0.981229128151182	0.00577362747796179	-0.154501409322962
-0.157807966699072	0.0251923742541414	-0.987148413322811	0.838379676098685
0	0	0	1
0.967012862977780	0.0582617603370465	-0.247975180447448	0.490575708797586
0.0220531012068778	-0.988985108755008	-0.146362957704480	-0.0510306191847443
-0.253771124367362	0.136066241012503	-0.957646173956776	0.615943292904857
0	0	0	1
0.998855456621545	-0.0375607472721510	-0.0296136293236932	0.533558181023077
-0.0396593362951253	-0.996484806574269	-0.0737913769438603	-0.0882728114949901
-0.0267378724283300	0.0748813763962597	-0.996833920794737	0.993329104102333
0	0	0	1
0.996442525109768	-0.0205098980748483	-0.0817412884277459	0.675278789014908
-0.0262669178993159	-0.997201902393983	-0.0699886768405527	-0.0831253527900014
-0.0800771076958905	0.0718867855922078	-0.994193113474581	0.994646362850777
0	0	0	1
0.992975413822836	-0.0282593883920323	-0.114896625325014	0.788671032484803
-0.0375029495759134	-0.996160790568835	-0.0791025164351997	-0.0957567190239826
-0.112220124382728	0.0828558163376767	-0.990222983667084	1.03705144049828
0	0	0	1
0.992643015278172	-0.0697222536329726	-0.0989881385207261	0.676594670201860
-0.0851709593545091	-0.983176448153174	-0.161585826976076	-0.0308305486149208
-0.0860566784281820	0.168827957238276	-0.981881545275528	1.01110487370923
0	0	0	1
0.984005584012704	-0.0523186639793401	-0.170281437717779	0.811259457266755
-0.0874427932357256	-0.974671076611424	-0.205839865740974	0.0217577749176113
-0.155199125458074	0.217437461851782	-0.963656672078030	0.923523351343923
0	0	0	1
0.991174465600697	-0.132152460282825	-0.0104358029097217	0.439466556522272
-0.132451448803911	-0.990501832915979	-0.0369152096002760	-0.210452092160851
-0.00545824613949642	0.0379716503629159	-0.999263909744466	0.989012475416569
0	0	0	1
0.990830212905219	-0.131562847711744	-0.0307685926908399	0.557081031403197
-0.134154605194045	-0.985027774784179	-0.108271994573659	-0.145713619682224
-0.0160633464579575	0.111406911839908	-0.993645041699935	1.01521831729274
0	0	0	1
0.998630304884346	-0.0497318043906162	-0.0162561311095661	0.620718227342035
-0.0514136954821614	-0.990360222299893	-0.128620612667541	-0.00181749226331757
-0.00970289046962270	0.129280229417183	-0.991560626587389	1.04033476697399
0	0	0	1
0.997629179157299	-0.0623804627805665	-0.0290637017121997	0.607277881222695
-0.0662709928506325	-0.984667055833283	-0.161365872052318	0.00388493341679393
-0.0185519918209552	0.162909382847938	-0.986466601857143	0.982565174360170
0	0	0	1
0.950559666998517	-0.0550032486162095	-0.305632069844333	0.426495299700367
-0.0742261159277005	-0.995904262614629	-0.0516254144806514	-0.0180901268057029
-0.301540715642109	0.0717589182448769	-0.950749101741553	0.689418447292857
0	0	0	1
0.951553238789324	-0.0841396116350275	-0.295748135249326	0.315167922739073
-0.0861686669607643	-0.996261327542686	0.00619096737912163	-0.136671991547372
-0.295163335432692	0.0195931875097240	-0.955245891076981	0.654378451760053
0	0	0	1
0.970490862765477	-0.240365761658323	-0.0192817507279263	0.196583488118436
-0.240823944357547	-0.970202808512383	-0.0266521702447977	-0.156959831432709
-0.0123009395085318	0.0305091949598643	-0.999458791501735	0.678425613112722
0	0	0	1
0.989838711454866	0.128617983172584	0.0606361254533037	0.216445694138140
0.126129972726127	-0.991071359571334	0.0432295063299847	-0.0361288288722785
0.0656548192098529	-0.0351422059928588	-0.997223380227558	0.783141014582574
0	0	0	1
0.991819083579722	-0.123721524966782	0.0314307127977068	0.137464422035232
-0.126041164807946	-0.988144029948378	0.0876641366308596	-0.0920553988038744
0.0202121305392093	-0.0909085273077938	-0.995654111346804	0.572060076581043
0	0	0	1
0.974315392143543	-0.145195385393764	-0.172127326977821	0.509754347608969
-0.139698440015314	-0.989229515100965	0.0436956783949723	-0.100232768404320
-0.176617843066495	-0.0185274529675681	-0.984105111762495	0.980373592143652
0	0	0	1
0.979986072905319	-0.136658128763392	-0.144747548354025	0.599684440919878
-0.134121084142901	-0.990591872071083	0.0271896630181868	-0.112132701074033
-0.147101433371485	-0.00723179297254309	-0.989094974949553	1.17000609089967
0	0	0	1
0.983780232777773	-0.116235376724297	-0.136622804807512	0.747826919861578
-0.109876910039305	-0.992519343848192	0.0532204540319680	-0.198153268499869
-0.141786876106096	-0.0373455390229556	-0.989192495159137	1.19334677470360
0	0	0	1
0.981581165004627	-0.0971204917408428	-0.164517557093997	0.743375119681551
-0.0854165477428812	-0.993381238702232	0.0767966663736624	-0.236436142955161
-0.170887184656568	-0.0613296394774696	-0.983380010698670	1.10681001672692
0	0	0	1
0.990684721653187	-0.0916736265470780	-0.100696218790252	0.499065362613627
-0.0834665938611735	-0.993056135004946	0.0829025960887407	-0.218195669750050
-0.107596979475083	-0.0737255649333788	-0.991457226048150	1.04525468061856
0	0	0	1
0.971448297707061	-0.141674378482211	-0.190306530008123	0.561206241431330
-0.131768395070731	-0.989225233504307	0.0638006854103808	-0.225711507661551
-0.197294944036934	-0.0369026812038080	-0.979649374611873	0.863109795522037
0	0	0	1
0.986700717567705	-0.0853278372729156	-0.138350475740787	0.425063900500692
-0.0784052217726383	-0.995417179404783	0.0547472386939231	-0.166728234681047
-0.142387903805621	-0.0431717399713380	-0.988868993202683	0.854432975139184
0	0	0	1
0.995525956192520	0.0653857292975038	-0.0682112670400047	0.335116780699397
0.0726461877735948	-0.991268077763136	0.110046033139506	-0.122910254160404
-0.0604202114274092	-0.114508970880064	-0.991583124926527	0.944449282779721
0	0	0	1
0.995112297188020	0.0939997825657082	-0.0302581701822939	0.369205313364683
0.0975236273418662	-0.983620703696215	0.151589753513374	-0.164074836153283
-0.0155131587778216	-0.153799714361764	-0.987980257781993	1.04779921689700
0	0	0	1
0.993920609744581	0.0624404162759503	-0.0906808466008445	0.477000221485525
0.0714660851668907	-0.992421652987981	0.0999592984745420	-0.113829958347986
-0.0837521354705571	-0.105832211995639	-0.990850706568972	1.05277095268788
0	0	0	1
0.979180119429441	0.0268481333984250	-0.201210018257458	0.674993157967580
0.0387528749031027	-0.997708486019468	0.0554616228710042	-0.0982760193016284
-0.199259901638264	-0.0621043851733628	-0.977976756851280	1.01074727046929
0	0	0	1
0.962052057882427	-0.0146193700599785	-0.272474057376546	0.284021916662931
-0.00914280001442833	-0.999730080330832	0.0213582698176578	-0.111254992548471
-0.272712755719427	-0.0180565916151722	-0.961926043086036	0.652479863638660
0	0	0	1
0.967635137390485	0.0227602670897766	-0.251324911477753	0.633464514657289
0.0268931097262766	-0.999553501642502	0.0130214439853805	-0.0493131170583996
-0.250916323774578	-0.0193589151611341	-0.967815184251226	0.772566414963716
0	0	0	1
0.962579356803594	0.261961684982683	-0.0694050247216429	0.275332104162790
0.262937182801733	-0.964799206612146	0.00515061363931008	-0.0309853100298258
-0.0656126493586891	-0.0232070360366643	-0.997575267196680	0.714112907846624
0	0	0	1
